0.9 0
1 0
0.9 0.1
1 0
0.9 0.1
1 0
0.9 -0.1
1 0
0.9 0.1
0.8 0
0.9 -0.1
0.71 -0.09
0.81 -0.19
0.829 -0.171
0.729 -0.071
0.8461 -0.1539
0.7461 -0.2539
0.66149 -0.13851
0.76149 -0.03851
0.785341 -0.034659
0.685341 -0.134659
0.806807 -0.0311931
0.706807 -0.131193
0.826126 -0.0280738
0.726126 -0.128074
0.843514 -0.0252664
0.743514 -0.125266
0.659162 -0.0227398
0.759162 -0.12274
0.783246 -0.110466
0.683246 -0.0104658
0.804921 -0.0994192
0.704921 0.000580786
0.824429 -0.0894773
0.724429 0.0105227
0.641986 -0.0805296
0.741986 0.0194704
0.567788 0.0175234
0.667788 -0.0824766
0.701009 -0.0742289
0.601009 0.0257711
0.530908 -0.0668061
0.630908 -0.166806
0.467817 -0.150125
0.567817 -0.0501254
0.411036 -0.0451129
0.511036 0.0548871
0.359932 0.0493984
0.459932 -0.0506016
0.313939 -0.0455415
0.413939 -0.145541
0.472545 -0.130987
0.372545 -0.0309873
0.52529 -0.117889
0.42529 -0.217889
0.572761 -0.1061
0.472761 -0.00609972
0.615485 -0.0954897
0.515485 -0.19549
0.653937 -0.0859408
0.553937 -0.185941
0.688543 -0.0773467
0.588543 0.0226533
0.719689 -0.069612
0.619689 0.030388
0.54772 -0.0626508
0.64772 0.0373492
0.682948 0.0336143
0.582948 -0.0663857
0.514653 0.0302528
0.614653 -0.0697472
0.453188 -0.0627724
0.553188 -0.162772
0.397869 -0.146495
0.497869 -0.246495
0.548082 -0.221846
0.448082 -0.321846
0.393274 -0.199661
0.493274 -0.0996611
0.543946 -0.089695
0.443946 -0.189695
0.589552 -0.0807255
0.489552 0.0192745
0.430597 -0.072653
0.530597 -0.172653
0.377537 -0.155388
0.477537 -0.255388
0.529783 -0.229849
0.429783 -0.329849
0.576805 -0.206864
0.476805 -0.106864
0.419124 -0.186178
0.519124 -0.286178
0.367212 -0.25756
0.467212 -0.15756
0.520491 -0.141804
0.420491 -0.0418039
0.568442 -0.127623
0.468442 -0.227623
0.411598 -0.114861
0.511598 -0.0148611
0.360438 -0.013375
0.460438 0.086625
0.314394 0.0779625
0.414394 -0.0220375
0.314394 0.0779625
0.414394 -0.0220375
0.272955 -0.0198338
0.372955 -0.119834
0.272955 -0.0198338
0.372955 -0.119834
0.435659 -0.10785
0.335659 -0.00785038
0.492093 -0.0970653
0.392093 -0.197065
0.342884 -0.0873588
0.442884 -0.187359
0.452884 -0.177359
0.352884 -0.277359
0.307596 -0.159623
0.407596 -0.259623
0.417596 -0.249623
0.317596 -0.349623
0.475836 -0.224661
0.375836 -0.324661
0.143175 0.0124976
0.243175 0.0124976
0.143175 0.112498
0.318858 0.0112478
0.218858 -0.0887522
0.186972 0.0101231
0.286972 -0.0898769
0.158275 -0.0808892
0.258275 -0.180889
0.358275 -0.0808892
0.258275 -0.180889
0.422447 -0.0728003
0.322447 0.0271997
0.480203 -0.0655203
0.380203 0.0344797
0.332182 -0.0589683
0.432182 0.0410317
0.488964 0.0369286
0.388964 0.136929
0.340068 0.0332357
0.440068 0.133236
0.496061 0.119912
0.396061 0.0199121
0.546455 0.107921
0.446455 0.00792093
0.391809 0.0971288
0.491809 -0.00287117
0.501809 0.00712883
0.401809 -0.0928712
0.351628 0.00641595
0.451628 -0.093584
0.261628 -0.083584
0.361628 -0.183584
0.506466 -0.0842256
0.406466 -0.184226
0.555819 -0.0758031
0.455819 -0.175803
0.400237 -0.0682228
0.500237 0.0317772
0.550213 0.0285995
0.450213 0.1286
0.395192 0.0257396
0.495192 -0.0742604
0.505192 0.11574
0.405192 0.21574
0.554673 0.104166
0.454673 0.0041656
0.399206 0.093749
0.499206 -0.00625096
0.509206 0.00374904
0.409206 0.103749
0.358285 0.00337414
0.458285 -0.0966259
0.468285 0.0933741
0.368285 0.193374
0.521456 0.0840367
0.421456 0.184037
0.369311 0.075633
0.469311 -0.024367
0.279311 0.165633
0.379311 0.065633
0.32238 -0.0219303
0.42238 0.0780697
0.480142 0.0702628
0.380142 -0.0297372
0.532128 0.0632365
0.432128 -0.0367635
0.578915 0.0569128
0.478915 0.156913
0.421023 0.0512216
0.521023 -0.0487784
0.531023 0.141222
0.431023 0.241222
0.377921 0.127099
0.477921 0.227099
0.330129 0.204389
0.430129 0.304389
0.487116 0.273951
0.387116 0.173951
0.538404 0.246555
0.438404 0.146555
0.584564 0.2219
0.484564 0.1219
0.626108 0.19971
0.526108 0.0997099
0.663497 0.179739
0.563497 0.0797389
0.497147 0.161765
0.597147 0.061765
0.437432 0.0555885
0.537432 -0.0444115
0.383689 -0.0399703
0.483689 0.0600297
0.583689 -0.0399703
0.483689 0.0600297
0.62532 -0.0359733
0.52532 -0.135973
0.662788 -0.032376
0.562788 -0.132376
0.696509 -0.0291384
0.596509 -0.129138
0.726858 -0.0262245
0.626858 -0.126225
0.554173 -0.0236021
0.654173 0.0763979
0.664173 -0.113602
0.564173 -0.213602
0.697755 -0.102242
0.597755 -0.00224187
0.52798 -0.0920177
0.62798 -0.192018
0.465182 -0.172816
0.565182 -0.272816
0.465182 -0.172816
0.565182 -0.272816
0.608664 -0.245534
0.508664 -0.145534
0.647797 -0.220981
0.547797 -0.120981
0.683018 -0.198883
0.583018 -0.0988828
0.714716 -0.178995
0.614716 -0.278995
0.743244 -0.161095
0.643244 -0.0610951
0.56892 -0.144986
0.66892 -0.244986
0.47892 -0.0549856
0.57892 0.0450144
0.421028 0.040513
0.521028 0.140513
0.368925 0.126462
0.468925 0.0264617
0.368925 0.126462
0.468925 0.0264617
0.522033 0.0238155
0.422033 0.123816
0.369829 0.021434
0.469829 0.121434
0.522846 0.109291
0.422846 0.209291
0.570562 0.0983615
0.470562 0.198362
0.413506 0.0885254
0.513506 0.188525
0.362155 0.169673
0.462155 0.0696728
0.562155 0.169673
0.462155 0.269673
0.405939 0.152706
0.505939 0.252706
0.355346 0.227435
0.455346 0.127435
0.555346 0.227435
0.455346 0.127435
0.399811 0.204691
0.499811 0.304691
0.34983 0.274222
0.44983 0.374222
0.34983 0.274222
0.44983 0.374222
0.304847 0.3368
0.404847 0.4368
0.297197 -0.00479292
0.197197 -0.00479292
0.297197 0.0952071
0.367477 -0.00431363
0.267477 0.0956864
0.43073 -0.00388227
0.33073 0.0961177
0.287657 -0.00349404
0.387657 0.096506
0.197657 0.086506
0.297657 -0.013494
0.167891 -0.0121446
0.267891 0.0878554
0.367891 -0.0121446
0.267891 0.0878554
0.231102 -0.0109302
0.331102 -0.11093
0.197992 -0.0998372
0.297992 0.000162844
0.197992 -0.0998372
0.297992 0.000162844
0.368193 0.000146559
0.268193 0.100147
0.431373 0.000131903
0.331373 -0.0998681
0.488236 0.000118713
0.388236 0.100119
0.539412 0.000106842
0.439412 0.100107
0.585471 9.61575e-05
0.485471 -0.0999038
0.626924 8.65418e-05
0.526924 -0.0999135
0.464232 7.78876e-05
0.564232 -0.0999221
0.407808 -0.0899299
0.507808 -0.18993
0.557028 -0.170937
0.457028 -0.0709369
0.401325 -0.153843
0.501325 -0.0538432
0.351192 -0.0484589
0.451192 0.0515411
0.506073 0.046387
0.406073 -0.053613
0.555466 0.0417483
0.455466 -0.0582517
0.599919 0.0375735
0.499919 -0.0624265
0.639927 0.0338161
0.539927 0.133816
0.675935 0.0304345
0.575935 -0.0695655
0.708341 0.0273911
0.608341 0.127391
0.537507 0.0246519
0.637507 -0.0753481
0.673756 -0.0678132
0.573756 -0.167813
0.506381 -0.0610319
0.606381 -0.161032
0.416381 -0.151032
0.516381 -0.0510319
0.564743 -0.0459287
0.464743 0.0540713
0.608268 -0.0413359
0.508268 -0.141336
0.447442 -0.0372023
0.547442 0.0627977
0.592697 0.056518
0.492697 0.156518
0.633428 0.0508662
0.533428 -0.0491338
0.670085 0.0457795
0.570085 0.14578
0.503076 0.0412016
0.603076 -0.0587984
0.613076 0.131202
0.513076 0.231202
0.651769 0.118081
0.551769 0.218081
0.686592 0.106273
0.586592 0.206273
0.717933 0.095646
0.617933 -0.00435404
0.746139 0.0860814
0.646139 -0.0139186
0.571525 0.0774732
0.671525 0.177473
0.481525 -0.0125268
0.581525 -0.112527
0.423373 -0.101274
0.523373 -0.201274
0.371036 -0.181147
0.471036 -0.0811467
0.371036 -0.181147
0.471036 -0.0811467
0.523932 -0.073032
0.423932 0.026968
0.371539 -0.0657288
0.471539 0.0342712
0.324385 0.0308441
0.424385 0.130844
0.524385 0.0308441
0.424385 -0.0691559
0.571946 0.0277597
0.471946 -0.0722403
0.414752 0.0249837
0.514752 0.124984
0.524752 -0.0650163
0.424752 -0.165016
0.372277 -0.0585147
0.472277 -0.158515
0.525049 -0.142663
0.425049 -0.242663
0.372544 -0.128397
0.472544 -0.228397
0.482544 -0.218397
0.382544 -0.118397
0.53429 -0.196557
0.43429 -0.0965572
0.380861 -0.176901
0.480861 -0.276901
0.290861 -0.0869015
0.390861 -0.186901
0.332775 -0.249211
0.432775 -0.349211
0.451775 -0.168211
0.351775 -0.0682113
0.306597 -0.15139
0.406597 -0.0513902
0.265937 -0.0462512
0.365937 -0.146251
0.465937 -0.0462512
0.365937 -0.146251
0.519344 -0.0416261
0.419344 -0.141626
0.567409 -0.0374635
0.467409 -0.137463
0.410668 -0.0337171
0.510668 -0.133717
0.520668 -0.123717
0.420668 -0.0237171
0.368602 -0.111345
0.468602 -0.211345
0.278602 -0.0213454
0.378602 0.0786546
0.440741 0.0707891
0.340741 -0.0292109
0.296667 0.0637102
0.396667 -0.0362898
0.206667 -0.0262898
0.306667 -0.12629
0.257001 -0.0326608
0.357001 0.0673392
0.2213 0.0606053
0.3213 -0.0393947
0.4213 0.0606053
0.3213 -0.0393947
0.47917 0.0545448
0.37917 -0.0454552
0.531253 0.0490903
0.431253 -0.0509097
0.44519 0.0175394
0.54519 0.0175394
0.44519 0.117539
0.390671 0.0157855
0.490671 -0.0842145
0.341604 -0.0757931
0.441604 0.0242069
0.297444 0.0217862
0.397444 -0.0782138
0.497444 0.0217862
0.397444 -0.0782138
0.347699 0.0196076
0.447699 0.119608
0.50293 0.107647
0.40293 0.00764684
0.552637 0.0968822
0.452637 -0.00311784
0.597373 0.0871939
0.497373 0.187194
0.637636 0.0784745
0.537636 0.178475
0.473872 0.0706271
0.573872 0.170627
0.383872 0.160627
0.483872 0.0606271
0.535485 0.0545644
0.435485 -0.0454356
0.581936 0.0491079
0.481936 0.149108
0.623743 0.0441972
0.523743 0.144197
0.461368 0.0397774
0.561368 0.139777
0.571368 0.129777
0.471368 0.0297774
0.614232 0.1168
0.514232 0.2168
0.452808 0.10512
0.552808 0.00511972
0.397528 0.00460775
0.497528 -0.0953922
0.547775 -0.085853
0.447775 -0.185853
0.592997 -0.0772677
0.492997 -0.177268
0.633698 -0.0695409
0.533698 0.0304591
0.670328 -0.0625869
0.570328 0.0374131
0.703295 -0.0563282
0.603295 -0.156328
0.732966 -0.0506954
0.632966 0.0493046
0.759669 -0.0456258
0.659669 0.0543742
0.783702 -0.0410632
0.683702 -0.141063
0.605332 -0.0369569
0.705332 -0.136957
0.534799 -0.123261
0.634799 -0.223261
0.734799 -0.123261
0.634799 -0.0232612
0.561319 -0.110935
0.661319 -0.0109351
0.495187 -0.00984159
0.595187 0.0901584
0.435668 0.0811426
0.535668 -0.0188574
0.435668 0.0811426
0.535668 0.181143
0.582101 0.163028
0.482101 0.0630283
0.623891 0.146725
0.523891 0.0467255
0.661502 0.132053
0.561502 0.232053
0.495352 0.118848
0.595352 0.0188476
0.435817 0.0169629
0.535817 0.116963
0.435817 0.0169629
0.535817 -0.0830371
0.582235 -0.0747334
0.482235 -0.174733
0.424012 -0.0672601
0.524012 0.0327399
0.37161 0.0294659
0.47161 -0.0705341
0.57161 0.0294659
0.47161 -0.0705341
0.414449 0.0265193
0.514449 -0.0734807
0.324449 -0.0634807
0.424449 0.0365193
0.282004 0.0328674
0.382004 0.132867
0.443804 0.119581
0.343804 0.219581
0.499424 0.107623
0.399424 0.207623
0.549481 0.0968603
0.449481 0.19686
0.394533 0.0871743
0.494533 0.187174
0.304533 0.177174
0.404533 0.0771743
0.26408 0.0694569
0.36408 -0.0305431
0.227672 -0.0274888
0.327672 -0.127489
0.394905 -0.11474
0.294905 -0.0147399
0.255414 -0.103266
0.355414 -0.203266
0.219873 -0.182939
0.319873 -0.282939
0.187885 -0.254645
0.287885 -0.354645
0.387885 -0.254645
0.287885 -0.354645
0.449097 -0.229181
0.349097 -0.329181
0.504187 -0.206263
0.404187 -0.306263
0.553769 -0.185637
0.453769 -0.285637
0.598392 -0.167073
0.498392 -0.0670729
0.638552 -0.150366
0.538552 -0.0503656
0.674697 -0.135329
0.574697 -0.035329
0.507228 -0.121796
0.607228 -0.221796
0.617228 -0.0317961
0.517228 -0.131796
0.455505 -0.0286165
0.555505 0.0713835
0.399954 0.0642452
0.499954 0.164245
0.349959 0.147821
0.449959 0.0478206
0.349959 0.147821
0.449959 0.0478206
0.504963 0.0430386
0.404963 -0.0569614
0.554467 0.0387347
0.454467 -0.0612653
0.39902 0.0348612
0.49902 -0.0651388
0.50902 -0.0551388
0.40902 0.0448612
0.558118 -0.0496249
0.458118 0.0503751
0.402306 -0.0446624
0.502306 -0.144662
0.599437 0.0263291
0.699437 0.0263291
0.599437 -0.0736709
0.729494 0.0236962
0.629494 0.123696
0.556544 0.0213266
0.656544 -0.0786734
0.466544 0.111327
0.566544 0.211327
0.40989 0.190194
0.50989 0.0901939
0.358901 0.0811745
0.458901 -0.0188255
0.513011 -0.0169429
0.413011 -0.116943
0.56171 -0.0152487
0.46171 -0.115249
0.605539 -0.0137238
0.505539 0.0862762
0.444985 -0.0123514
0.544985 0.0876486
0.390486 0.0788837
0.490486 -0.0211163
0.341438 -0.0190046
0.441438 -0.119005
0.341438 -0.0190046
0.441438 0.0809954
0.297294 0.0728958
0.397294 0.172896
0.457565 0.155606
0.357565 0.0556062
0.311808 0.140046
0.411808 0.0400456
0.470627 0.0360411
0.370627 0.136041
0.323565 0.032437
0.423565 -0.067563
0.481208 -0.0608067
0.381208 0.0391933
0.333087 -0.0547261
0.433087 -0.154726
0.289779 -0.139253
0.389779 -0.239253
0.289779 -0.139253
0.389779 -0.239253
0.250801 -0.215328
0.350801 -0.115328
0.215721 -0.103795
0.315721 -0.203795
0.415721 -0.103795
0.315721 -0.00379531
0.474149 -0.0934158
0.374149 -0.193416
0.326734 -0.0840742
0.426734 -0.184074
0.236734 -0.174074
0.336734 -0.0740742
0.20306 -0.0666668
0.30306 -0.166667
0.40306 -0.0666668
0.30306 0.0333332
0.462754 -0.0600001
0.362754 -0.16
0.316479 -0.0540001
0.416479 -0.154
0.226479 -0.144
0.326479 -0.244
0.474831 -0.1386
0.374831 -0.2386
0.527348 -0.12474
0.427348 -0.22474
0.574613 -0.112266
0.474613 -0.0122661
0.617152 -0.101039
0.517152 -0.201039
0.655437 -0.0909355
0.555437 -0.190936
0.689893 -0.081842
0.589893 0.018158
0.520904 -0.0736578
0.620904 -0.173658
0.430904 0.0163422
0.530904 0.116342
0.577813 0.104708
0.477813 0.204708
0.420032 0.0942372
0.520032 -0.00576279
0.530032 0.184237
0.430032 0.284237
0.577029 0.165813
0.477029 0.0658135
0.419326 0.149232
0.519326 0.0492321
0.329326 0.0592321
0.429326 0.159232
0.486393 0.143309
0.386393 0.243309
0.337754 0.128978
0.437754 0.228978
0.293979 0.20608
0.393979 0.30608
0.454581 0.275472
0.354581 0.175472
0.509123 0.247925
0.409123 0.147925
0.55821 0.223132
0.45821 0.323132
0.602389 0.200819
0.502389 0.300819
0.64215 0.180737
0.54215 0.0807373
0.677935 0.162664
0.577935 0.262664
0.510142 0.146397
0.610142 0.246397
0.649128 0.221758
0.549128 0.321758
0.684215 0.199582
0.584215 0.299582
0.515793 0.179624
0.615793 0.0796236
0.654214 0.0716612
0.554214 0.171661
0.488793 0.0644951
0.588793 0.164495
0.398793 0.154495
0.498793 0.0544951
0.548913 0.0490456
0.448913 -0.0509544
0.394022 0.044141
0.494022 0.144141
0.304022 -0.045859
0.404022 0.054141
0.54462 0.129727
0.44462 0.0297269
0.390158 0.116754
0.490158 0.0167542
0.541142 0.0150788
0.441142 -0.0849212
0.587028 0.0135709
0.487028 -0.0864291
0.628325 0.0122138
0.528325 0.112214
0.665493 0.0109925
0.565493 -0.0890075
0.498943 0.00989321
0.598943 -0.0901068
0.439049 -0.0810961
0.539049 0.0189039
0.639049 -0.0810961
0.539049 -0.181096
0.475144 -0.0729865
0.575144 0.0270135
0.385144 -0.162987
0.485144 -0.262987
0.53663 -0.236688
0.43663 -0.336688
0.382967 -0.213019
0.482967 -0.113019
0.749703 0.00438715
0.649703 0.00438715
0.749703 0.104387
0.774732 0.00394843
0.674732 -0.0960516
0.597259 0.00355359
0.697259 0.103554
0.527533 0.0931982
0.627533 -0.00680177
0.46478 -0.00612159
0.56478 0.0938784
0.46478 -0.00612159
0.56478 0.0938784
0.408302 0.0844906
0.508302 -0.0155094
0.357472 -0.0139585
0.457472 0.0860415
0.357472 -0.0139585
0.457472 0.0860415
0.311725 0.0774374
0.411725 0.177437
0.511725 0.0774374
0.411725 0.177437
0.560552 0.0696936
0.460552 0.169694
0.604497 0.0627243
0.504497 0.162724
0.444047 0.0564518
0.544047 -0.0435482
0.389642 -0.0391933
0.489642 0.0608067
0.589642 -0.0391933
0.489642 0.0608067
0.430678 -0.035274
0.530678 -0.135274
0.57761 -0.121747
0.47761 -0.221747
0.419849 -0.109572
0.519849 -0.00957195
0.329849 -0.199572
0.429849 -0.299572
0.286864 -0.269615
0.386864 -0.369615
0.286864 -0.269615
0.386864 -0.169615
0.448178 -0.152653
0.348178 -0.252653
0.30336 -0.137388
0.40336 -0.237388
0.21336 -0.227388
0.31336 -0.327388
0.263024 -0.213649
0.363024 -0.313649
0.182024 -0.294649
0.282024 -0.394649
0.426722 -0.282284
0.326722 -0.182284
0.48405 -0.254056
0.38405 -0.354056
0.335645 -0.22865
0.435645 -0.12865
0.49208 -0.115785
0.39208 -0.0157852
0.542872 -0.104207
0.442872 -0.00420669
0.588585 -0.093786
0.488585 -0.193786
0.629726 -0.0844074
0.529726 -0.184407
0.666754 -0.0759667
0.566754 -0.175967
0.500078 -0.06837
0.600078 -0.16837
0.610078 -0.15837
0.510078 -0.25837
0.649071 -0.142533
0.549071 -0.042533
0.394164 -0.0382797
0.494164 0.0617203
0.544747 0.0555483
0.444747 -0.0444517
0.590272 0.0499934
0.490272 -0.0500066
0.431245 0.0449941
0.531245 -0.0550059
0.341245 -0.0450059
0.441245 -0.145006
0.578121 -0.0495053
0.478121 0.0504947
0.530309 0.0454452
0.430309 -0.0545548
0.377278 0.0409007
0.477278 0.140901
0.32955 0.126811
0.42955 0.226811
0.486595 0.20413
0.386595 0.30413
0.537935 0.183717
0.437935 0.0837166
0.384142 0.165345
0.484142 0.0653449
0.494142 0.0753449
0.394142 -0.0246551
0.544728 0.0678105
0.444728 0.16781
0.590255 0.0610294
0.490255 0.161029
0.431229 0.0549265
0.531229 0.154926
0.378107 0.139434
0.478107 0.239434
0.330296 0.21549
0.430296 0.11549
0.330296 0.21549
0.430296 0.31549
0.487266 0.283941
0.387266 0.383941
0.33854 0.255547
0.43854 0.155547
0.44854 0.345547
0.34854 0.445547
0.503686 0.310993
0.403686 0.210993
0.353317 0.279893
0.453317 0.179893
0.263317 0.189893
0.363317 0.0898933
0.426985 0.0809039
0.326985 -0.0190961
0.484287 0.0728136
0.384287 -0.0271864
0.535858 0.0655322
0.435858 0.165532
0.582272 0.058979
0.482272 -0.041021
0.624045 0.0530811
0.524045 -0.0469189
0.661641 0.047773
0.561641 0.147773
0.695477 0.0429957
0.595477 -0.0570043
0.725929 0.0386961
0.625929 0.138696
0.753336 0.0348265
0.653336 0.134826
0.778002 0.0313438
0.678002 0.131344
0.800202 0.0282095
0.700202 -0.0717905
0.820182 0.0253885
0.720182 0.125389
0.896479 -0.0109875
0.796479 -0.0109875
0.896479 -0.110988
0.706831 -0.0998888
0.806831 0.00011124
0.626148 0.000100116
0.726148 0.1001
0.553533 0.0900901
0.653533 -0.0099099
0.48818 -0.00891891
0.58818 -0.108919
0.629362 -0.098027
0.529362 -0.198027
0.666426 -0.0882243
0.566426 0.0117757
0.699783 -0.0794019
0.599783 -0.179402
0.529805 -0.0714617
0.629805 -0.171462
0.439805 -0.161462
0.539805 -0.261462
0.466824 -0.154316
0.566824 -0.0543155
0.610142 -0.048884
0.510142 -0.148884
0.649128 -0.0439956
0.549128 -0.143996
0.684215 -0.039596
0.584215 -0.139596
0.515793 -0.0356364
0.615793 -0.135636
0.625793 -0.125636
0.525793 -0.0256364
0.663214 -0.113073
0.563214 -0.213073
0.696893 -0.101765
0.596893 -0.201765
0.727203 -0.0915889
0.627203 -0.191589
0.554483 -0.0824301
0.654483 0.0175699
0.489035 0.015813
0.589035 -0.084187
0.689035 0.015813
0.589035 0.115813
0.520131 0.0142317
0.620131 0.114232
0.658118 0.102808
0.558118 0.00280849
0.692306 0.0925276
0.592306 0.192528
0.523076 0.0832749
0.623076 0.183275
0.460768 0.164947
0.560768 0.264947
0.604691 0.238453
0.504691 0.138453
0.444222 0.214607
0.544222 0.314607
0.3898 0.283147
0.4898 0.183147
0.54082 0.164832
0.44082 0.064832
0.386738 0.148349
0.486738 0.0483488
0.538064 0.0435139
0.438064 0.143514
0.584258 0.0391625
0.484258 0.139163
0.625832 0.0352463
0.525832 0.135246
0.663249 0.0317216
0.563249 0.131722
0.496924 0.0285495
0.596924 0.128549
0.606924 0.118549
0.506924 0.0185495
0.446232 0.106695
0.546232 0.00669453
0.391608 0.00602507
0.491608 -0.0939749
0.342448 -0.0845774
0.442448 -0.184577
0.498203 -0.16612
0.398203 -0.0661197
0.548383 -0.149508
0.448383 -0.0495077
0.393544 -0.134557
0.493544 -0.234557
0.34419 -0.211101
0.44419 -0.111101
0.54419 -0.211101
0.44419 -0.311101
0.589771 -0.189991
0.489771 -0.0899911
0.630794 -0.170992
0.530794 -0.270992
0.667714 -0.153893
0.567714 -0.253893
0.500943 -0.138504
0.600943 -0.0385035
0.640849 -0.0346532
0.540849 0.0653468
0.676764 -0.0311879
0.576764 0.0688121
0.709087 -0.0280691
0.609087 -0.128069
0.738179 -0.0252622
0.638179 0.0747378
0.564361 -0.022736
0.664361 -0.122736
0.674361 0.067264
0.574361 -0.032736
0.706925 0.0605376
0.606925 0.160538
0.536232 0.0544839
0.636232 0.154484
0.472609 0.139035
0.572609 0.239035
0.615348 0.215132
0.515348 0.115132
0.653813 0.193619
0.553813 0.0936187
0.688432 0.174257
0.588432 0.274257
0.899991 -0.00339503
0.799991 -0.00339503
0.899991 -0.103395
0.709992 -0.00305552
0.809992 0.0969445
0.828993 0.08725
0.728993 0.18725
0.646094 0.078525
0.746094 -0.021475
0.571484 -0.0193275
0.671484 -0.119327
0.504336 -0.107395
0.604336 -0.00739473
0.704336 -0.107395
0.604336 -0.00739473
0.533902 -0.0966553
0.633902 0.00334474
0.670512 0.00301027
0.570512 0.10301
0.703461 0.00270924
0.603461 -0.0972908
0.533115 0.00243832
0.633115 -0.0975617
0.643115 -0.0875617
0.543115 -0.187562
0.478803 -0.0788055
0.578803 -0.178806
0.388803 -0.168806
0.488803 -0.268806
0.420923 -0.160925
0.520923 -0.060925
0.368831 -0.0548325
0.468831 0.0451675
0.321948 0.0406508
0.421948 0.140651
0.279753 0.126586
0.379753 0.226586
0.441778 0.203927
0.341778 0.303927
0.4976 0.183534
0.3976 0.0835344
0.34784 0.165181
0.44784 0.265181
0.25784 0.075181
0.35784 0.175181
0.503056 0.238663
0.403056 0.138663
0.35275 0.214797
0.45275 0.114797
0.307475 0.103317
0.407475 0.203317
0.307475 0.103317
0.407475 0.203317
0.466728 0.182985
0.366728 0.0829852
0.520055 0.164687
0.420055 0.264687
0.568049 0.148218
0.468049 0.248218
0.411245 0.133396
0.511245 0.233396
0.321245 0.223396
0.421245 0.123396
0.47912 0.111057
0.37912 0.211057
0.331208 0.099951
0.431208 -4.90462e-05
0.488087 -4.41416e-05
0.388087 0.0999559
0.539279 -3.97274e-05
0.439279 -0.10004
0.385351 -3.57547e-05
0.485351 -0.100036
0.536816 -0.0900322
0.436816 0.00996782
0.383134 -0.081029
0.483134 -0.181029
0.534821 -0.162926
0.434821 -0.262926
0.381339 -0.146633
0.481339 -0.0466335
0.291339 -0.236633
0.391339 -0.136633
0.533205 -0.0419701
0.433205 -0.14197
0.579884 -0.0377731
0.479884 0.0622269
0.621896 -0.0339958
0.521896 0.0660042
0.459706 -0.0305962
0.559706 0.0694038
0.369706 0.0594038
0.469706 -0.0405962
0.522736 -0.0365366
0.422736 -0.136537
0.570462 -0.0328829
0.470462 -0.132883
0.613416 -0.0295946
0.513416 -0.129595
0.652074 -0.0266352
0.552074 -0.126635
0.486867 -0.0239717
0.586867 -0.123972
0.42818 -0.111574
0.52818 -0.211574
0.575362 -0.190417
0.475362 -0.090417
0.617826 -0.171375
0.517826 -0.0713753
0.456043 -0.154238
0.556043 -0.254238
0.400439 -0.228814
0.500439 -0.128814
0.400439 -0.228814
0.500439 -0.128814
0.350395 -0.115933
0.450395 -0.215933
0.350395 -0.115933
0.450395 -0.215933
0.305356 -0.194339
0.405356 -0.0943394
0.46482 -0.0849054
0.36482 0.0150946
0.318338 -0.0764149
0.418338 0.0235851
0.476504 0.0212266
0.376504 0.121227
0.528854 0.0191039
0.428854 -0.0808961
0.375968 0.0171936
0.475968 -0.0828064
0.285968 -0.0728064
0.385968 -0.172806
0.528372 -0.0745258
0.428372 0.0254742
0.575534 -0.0670732
0.475534 -0.167073
0.617981 -0.0603659
0.517981 0.0396341
0.456183 -0.0543293
0.556183 0.0456707
0.600565 0.0411036
0.500565 -0.0588964
0.640508 0.0369933
0.540508 0.136993
0.899764 0.0156694
0.799764 0.0156694
0.899764 -0.0843306
0.909788 0.0141024
0.809788 0.114102
0.918809 0.0126922
0.818809 -0.0873078
0.726928 0.011423
0.826928 0.111423
0.644235 0.100281
0.744235 0.000280664
0.569812 0.000252597
0.669812 0.100253
0.502831 0.0902273
0.602831 -0.00977266
0.442548 -0.0087954
0.542548 0.0912046
0.642548 -0.0087954
0.542548 -0.108795
0.678293 -0.00791586
0.578293 0.0920841
0.710464 -0.00712427
0.610464 -0.107124
0.539417 -0.00641184
0.639417 0.0935882
0.675476 0.0842293
0.575476 -0.0157707
0.507928 0.0758064
0.607928 0.175806
0.417928 -0.0141936
0.517928 0.0858064
0.647135 0.158226
0.547135 0.258226
0.682422 0.142403
0.582422 0.242403
0.514179 0.128163
0.614179 0.0281629
0.452762 0.0253466
0.552762 0.125347
0.652762 0.0253466
0.552762 0.125347
0.687485 0.0228119
0.587485 -0.0771881
0.718737 0.0205307
0.618737 -0.0794693
0.546863 0.0184777
0.646863 0.118478
0.456863 -0.0715223
0.556863 -0.171522
0.601177 -0.15437
0.501177 -0.0543701
0.441059 -0.138933
0.541059 -0.0389331
0.351059 -0.0489331
0.451059 -0.148933
0.505953 -0.13404
0.405953 -0.23404
0.355358 -0.120636
0.455358 -0.220636
0.465358 -0.210636
0.365358 -0.110636
0.518822 -0.189572
0.418822 -0.289572
0.36694 -0.170615
0.46694 -0.070615
0.520246 -0.0635535
0.420246 0.0364465
0.568221 -0.0571982
0.468221 -0.157198
0.611399 -0.0514783
0.511399 -0.151478
0.450259 -0.0463305
0.550259 -0.146331
0.360259 -0.136331
0.460259 -0.236331
0.595233 -0.131697
0.495233 -0.0316975
0.43571 -0.118528
0.53571 -0.218528
0.34571 -0.0285277
0.44571 -0.128528
0.582139 -0.196675
0.482139 -0.0966749
0.623925 -0.177007
0.523925 -0.277007
0.661533 -0.159307
0.561533 -0.259307
0.495379 -0.143376
0.595379 -0.243376
0.405379 -0.233376
0.505379 -0.133376
0.554841 -0.120038
0.454841 -0.0200384
0.509357 -0.0180346
0.409357 0.0819654
0.268422 0.0737689
0.368422 -0.0262311
0.468422 0.0737689
0.368422 0.173769
0.431579 0.156392
0.331579 0.056392
0.288421 0.140753
0.388421 0.0407528
0.398421 0.0507528
0.298421 -0.0492472
0.458579 0.0456775
0.358579 -0.0543225
0.312721 0.0411098
0.412721 0.14111
0.271449 0.126999
0.371449 0.0269988
0.471449 0.126999
0.371449 0.0269988
0.324304 0.114299
0.424304 0.0142989
0.234304 0.0242989
0.334304 0.124299
0.200874 0.111869
0.300874 0.011869
0.400874 0.111869
0.300874 0.011869
0.460786 0.100682
0.360786 0.000682113
0.514708 0.0906139
0.414708 0.190614
0.363237 0.0815525
0.463237 -0.0184475
0.273237 0.171553
0.373237 0.271553
0.435913 0.244397
0.335913 0.144397
0.492322 0.219958
0.392322 0.319958
0.54309 0.197962
0.44309 0.0979618
0.388781 0.178166
0.488781 0.278166
0.339903 0.250349
0.439903 0.350349
0.495912 0.315314
0.395912 0.215314
0.546321 0.283783
0.446321 0.183783
0.899942 -0.00695848
0.799942 -0.00695848
0.899942 0.0930415
0.709947 -0.00626263
0.809947 0.0937374
0.909947 0.0837374
0.809947 0.183737
0.718953 0.0753636
0.818953 -0.0246364
0.837057 -0.0221727
0.737057 -0.122173
0.853352 -0.0199555
0.753352 0.0800445
0.868016 -0.0179599
0.768016 -0.11796
0.881215 -0.0161639
0.781215 -0.116164
0.893093 -0.0145475
0.793093 -0.114548
0.703784 -0.0130928
0.803784 -0.113093
0.623406 -0.101783
0.723406 -0.201783
0.823406 -0.101783
0.723406 -0.0017835
0.641065 -0.0916051
0.741065 -0.191605
0.751065 -0.00160515
0.651065 -0.101605
0.775959 -0.00144463
0.675959 0.0985554
0.798363 -0.00130017
0.698363 0.0986998
0.618526 -0.00117015
0.718526 -0.10117
0.528526 0.0888298
0.628526 -0.0111702
0.746674 -0.0910531
0.646674 0.00894686
0.572006 -0.0819478
0.672006 -0.181948
0.482006 0.00805218
0.582006 0.108052
0.623806 0.097247
0.523806 -0.00275304
0.461425 0.0875223
0.561425 -0.0124777
0.571425 -0.00247774
0.471425 0.0975223
0.614283 -0.00222996
0.514283 -0.10223
0.652854 -0.00200697
0.552854 -0.102007
0.487569 -0.00180627
0.587569 0.0981937
0.428812 0.0883744
0.528812 -0.0116256
0.428812 0.0883744
0.528812 -0.0116256
0.375931 -0.0104631
0.475931 -0.110463
0.375931 -0.0104631
0.475931 0.0895369
0.328338 0.0805832
0.428338 -0.0194168
0.485504 -0.0174751
0.385504 -0.117475
0.336954 -0.0157276
0.436954 0.0842724
0.293258 0.0758452
0.393258 0.175845
0.493258 0.0758452
0.393258 0.175845
0.543932 0.0682607
0.443932 -0.0317393
0.589539 0.0614346
0.489539 -0.0385654
0.430585 0.0552911
0.530585 0.155291
0.340585 -0.0347089
0.440585 -0.134709
0.296527 -0.121238
0.396527 -0.221238
0.456874 -0.199114
0.356874 -0.299114
0.311187 -0.179203
0.411187 -0.0792028
0.470068 -0.0712825
0.370068 0.0287175
0.323061 -0.0641542
0.423061 -0.164154
0.433061 0.0258458
0.333061 -0.0741542
0.489755 0.0232612
0.389755 -0.0767388
0.34078 0.0209351
0.44078 -0.0790649
0.25078 -0.0690649
0.35078 0.0309351
0.415702 0.0278416
0.315702 -0.0721584
0.474131 0.0250574
0.374131 -0.0749426
0.526718 0.0225517
0.426718 -0.0774483
0.374046 0.0202965
0.474046 -0.0797035
0.484046 -0.0697035
0.384046 -0.169704
0.535642 -0.0627332
0.435642 0.0372668
0.582078 -0.0564598
0.482078 0.0435402
0.42387 -0.0508139
0.52387 0.0491861
0.571483 0.0442675
0.471483 -0.0557325
0.614335 0.0398408
0.514335 0.139841
0.652901 0.0358567
0.552901 -0.0641433
0.487611 0.032271
0.587611 0.132271
0.42885 0.119044
0.52885 0.0190439
0.42885 0.119044
0.52885 0.0190439
0.375965 0.0171395
0.475965 0.11714
0.899986 0.00308583
0.999986 0.00308583
0.899986 0.103086
0.999987 0.00277725
0.899987 -0.0972228
0.999989 0.00249952
0.899989 -0.0975005
0.79999 0.00224957
0.89999 0.10225
0.909991 0.0920246
0.809991 -0.00797539
0.918992 0.0828222
0.818992 0.182822
0.727093 0.0745399
0.827093 0.17454
0.837093 0.16454
0.737093 0.0645399
0.653383 0.148086
0.753383 0.0480859
0.578045 0.0432773
0.678045 -0.0567227
0.71024 -0.0510504
0.61024 -0.15105
0.539216 -0.0459453
0.639216 0.0540547
0.449216 -0.135945
0.549216 -0.235945
0.594295 -0.212351
0.494295 -0.112351
0.434865 -0.191116
0.534865 -0.291116
0.544865 -0.101116
0.444865 -0.201116
0.390379 -0.0910042
0.490379 0.00899584
0.541341 0.00809626
0.441341 -0.0919037
0.587207 0.00728663
0.487207 -0.0927134
0.628486 0.00655797
0.528486 -0.093442
0.465637 0.00590217
0.565637 -0.0940978
0.375637 -0.0840978
0.475637 0.0159022
0.528074 0.014312
0.428074 -0.085688
0.575266 0.0128808
0.475266 -0.0871192
0.41774 0.0115927
0.51774 -0.0884073
0.52774 -0.0784073
0.42774 -0.178407
0.374966 -0.0705666
0.474966 -0.170567
0.284966 -0.160567
0.384966 -0.0605666
0.446469 -0.0545099
0.346469 -0.15451
0.501822 -0.0490589
0.401822 -0.149059
0.35164 -0.044153
0.45164 -0.144153
0.26164 -0.134153
0.36164 -0.234153
0.506476 -0.129738
0.406476 -0.229738
0.355828 -0.116764
0.455828 -0.216764
0.265828 -0.206764
0.365828 -0.306764
0.139246 -0.186088
0.239246 -0.286088
0.225321 -0.167479
0.125321 -0.0674788
0.212789 -0.0607309
0.112789 -0.160731
0.0127889 -0.0607309
0.112789 0.0392691
-0.08849 -0.0546578
0.01151 0.0453422
0.020359 -0.0491921
-0.079641 0.0508079
0.0283231 0.0457272
-0.0716769 -0.0542728
0.0283231 0.0457272
-0.0716769 -0.0542728
0.0354908 -0.0488456
-0.0645092 -0.148846
0.0354908 -0.0488456
-0.0645092 -0.148846
-0.158058 -0.133961
-0.0580583 -0.233961
-0.0422524 -0.120565
-0.142252 -0.220565
0.0477476 -0.210565
-0.0522524 -0.110565
-0.147027 -0.0995084
-0.0470272 -0.199508
-0.232324 -0.0895576
-0.132324 0.0104424
-0.309092 -0.0806018
-0.209092 -0.180602
-0.178183 -0.0725416
-0.278183 -0.172542
-0.288183 -0.162542
-0.188183 -0.262542
-0.359365 -0.146287
-0.259365 -0.246287
-0.223428 -0.131659
-0.323428 -0.0316587
-0.191085 -0.0284929
-0.291085 0.0715071
-0.161977 0.0643564
-0.261977 -0.0356436
-0.361977 0.0643564
-0.261977 0.164356
-0.425779 0.0579208
-0.325779 -0.0420792
-0.483201 0.0521287
-0.383201 -0.0478713
-0.534881 0.0469158
-0.434881 0.146916
-0.381393 0.0422243
-0.481393 -0.0577757
-0.491393 0.132224
-0.391393 0.232224
-0.342254 0.119002
-0.442254 0.219002
-0.298028 0.197102
-0.398028 0.0971016
-0.498028 0.197102
-0.398028 0.297102
-0.348225 0.177391
-0.448225 0.277391
-0.303403 0.249652
-0.403403 0.349652
-0.263063 0.314687
-0.363063 0.214687
-0.463063 0.314687
-0.363063 0.214687
-0.516756 0.283218
-0.416756 0.383218
-0.565081 0.254897
-0.465081 0.154897
-0.408573 0.229407
-0.508573 0.329407
-0.357715 0.296466
-0.457715 0.396466
-0.511944 0.35682
-0.411944 0.45682
-0.560749 0.321138
-0.460749 0.421138
-0.604675 0.289024
-0.504675 0.389024
-0.444207 0.260121
-0.544207 0.360121
-0.589786 0.324109
-0.489786 0.224109
-0.630808 0.291698
-0.530808 0.391698
-0.467727 0.262529
-0.567727 0.162529
0.898945 -0.0261528
0.998945 -0.0261528
0.898945 -0.126153
0.79905 -0.0235375
0.89905 -0.123537
0.709145 -0.111184
0.809145 -0.211184
0.909145 -0.111184
0.809145 -0.0111837
0.918231 -0.100065
0.818231 -0.200065
0.926408 -0.0900588
0.826408 0.00994117
0.933767 -0.0810529
0.833767 -0.181053
0.74039 -0.0729477
0.84039 -0.172948
0.85039 -0.162948
0.75039 -0.262948
0.865351 -0.146653
0.765351 -0.0466529
0.878816 -0.131988
0.778816 -0.0319876
0.690934 -0.118789
0.790934 -0.218789
0.600934 -0.0287888
0.700934 -0.128789
0.811841 -0.19691
0.711841 -0.09691
0.630657 -0.177219
0.730657 -0.277219
0.540657 -0.087219
0.640657 0.012781
0.676591 0.0115029
0.576591 0.111503
0.508932 0.0103526
0.608932 -0.0896474
0.618932 0.100353
0.518932 0.000352642
0.457039 0.0903174
0.557039 0.190317
0.601335 0.171286
0.501335 0.271286
0.641201 0.154157
0.541201 0.0541571
0.677081 0.138741
0.577081 0.238741
0.709373 0.124867
0.609373 0.224867
0.538436 0.112381
0.638436 0.0123805
0.648436 0.202381
0.548436 0.102381
0.683592 0.182142
0.583592 0.0821425
0.715233 0.163928
0.615233 0.263928
0.54371 0.147535
0.64371 0.247535
0.45371 0.237535
0.55371 0.337535
0.479339 0.222782
0.579339 0.122782
0.621405 0.110504
0.521405 0.0105037
0.659264 0.0994533
0.559264 -0.0005467
0.493338 0.089508
0.593338 -0.010492
0.434004 -0.00944283
0.534004 0.0905572
0.634004 -0.00944283
0.534004 -0.109443
0.670604 -0.00849854
0.570604 0.0915015
0.503543 -0.00764869
0.603543 0.0923513
0.613543 0.0823513
0.513543 0.182351
0.652189 0.0741162
0.552189 -0.0258838
0.59697 -0.0232954
0.49697 -0.123295
0.347273 -0.110966
0.447273 -0.210966
0.302546 -0.189869
0.402546 -0.0898693
0.502546 -0.189869
0.402546 -0.289869
0.352291 -0.170882
0.452291 -0.270882
0.307062 -0.243794
0.407062 -0.143794
0.307062 -0.243794
0.407062 -0.143794
0.466356 -0.129415
0.366356 -0.0294147
0.31972 -0.116473
0.41972 -0.216473
0.277748 -0.194826
0.377748 -0.0948259
0.477748 -0.194826
0.377748 -0.0948259
0.329973 -0.175343
0.429973 -0.0753433
0.486976 -0.067809
0.386976 -0.167809
0.338278 -0.0610281
0.438278 -0.161028
0.248278 -0.151028
0.348278 -0.251028
0.494451 -0.144925
0.394451 -0.244925
0.345006 -0.130433
0.445006 -0.230433
0.255006 -0.220433
0.355006 -0.120433
0.419505 -0.108389
0.319505 -0.208389
0.477555 -0.0975505
0.377555 0.00244946
0.329799 -0.0877955
0.429799 0.0122045
0.286819 0.0109841
0.386819 0.110984
0.248137 0.0998857
0.348137 0.199886
0.413324 0.179897
0.313324 0.279897
0.899558 0.0154321
0.999558 0.0154321
0.899558 -0.0845679
0.999602 0.0138889
0.899602 -0.0861111
0.999642 0.0125
0.899642 -0.0875
0.799678 0.01125
0.899678 -0.08875
0.909678 -0.07875
0.809678 -0.17875
0.71871 -0.070875
0.81871 0.029125
0.836839 0.0262125
0.736839 0.126212
0.653155 0.0235912
0.753155 0.123591
0.57784 0.111232
0.67784 0.0112321
0.77784 0.111232
0.67784 0.211232
0.600056 0.100109
0.700056 0.200109
0.73005 0.180098
0.63005 0.080098
0.757045 0.162088
0.657045 0.0620882
0.581341 0.145879
0.681341 0.0458794
0.713207 0.0412914
0.613207 -0.0587086
0.541886 0.0371623
0.641886 0.137162
0.451886 -0.0528377
0.551886 0.0471623
0.477697 0.123446
0.577697 0.0234461
0.419928 0.0211015
0.519928 -0.0788985
0.367935 -0.0710087
0.467935 -0.171009
0.321141 -0.153908
0.421141 -0.0539078
0.521141 -0.153908
0.421141 -0.253908
0.569027 -0.138517
0.469027 -0.238517
0.412124 -0.124665
0.512124 -0.0246653
0.560912 -0.0221988
0.460912 -0.122199
0.404821 -0.0199789
0.504821 -0.119979
0.314821 -0.109979
0.414821 -0.00997892
0.473339 -0.00898103
0.373339 -0.108981
0.526005 -0.00808292
0.426005 -0.108083
0.573404 -0.00727463
0.473404 -0.107275
0.416064 -0.00654717
0.516064 0.0934528
0.564458 0.0841075
0.464458 -0.0158925
0.608012 0.0756968
0.508012 -0.0243032
0.647211 0.0681271
0.547211 -0.0318729
0.68249 0.0613144
0.58249 -0.0386856
0.514241 0.055183
0.614241 0.155183
0.652817 0.139665
0.552817 0.239665
0.687535 0.125698
0.587535 0.225698
0.718781 0.113128
0.618781 0.213128
0.746903 0.101816
0.646903 0.00181554
0.772213 0.091634
0.672213 0.191634
0.794992 0.0824706
0.694992 -0.0175294
0.615492 0.0742235
0.715492 -0.0257765
0.743943 -0.0231988
0.643943 -0.123199
0.769549 -0.0208789
0.669549 -0.120879
0.792594 -0.018791
0.692594 0.081209
0.613335 -0.0169119
0.713335 -0.116912
0.542001 -0.105221
0.642001 -0.00522075
0.542001 -0.105221
0.642001 -0.00522075
0.677801 -0.00469867
0.577801 0.0953013
0.510021 -0.00422881
0.610021 0.0957712
0.649019 0.0861941
0.549019 -0.0138059
0.484117 0.0775747
0.584117 0.177575
0.394117 -0.0124253
0.494117 0.0875747
0.625705 0.159817
0.525705 0.0598172
0.463135 0.143835
0.563135 0.0438355
0.406821 0.0394519
0.506821 -0.0605481
0.356139 -0.0544933
0.456139 -0.154493
0.899966 -0.00394857
0.999966 -0.00394857
0.899966 -0.103949
0.999969 -0.00355371
0.899969 -0.103554
0.999972 -0.00319834
0.899972 -0.103198
0.799975 -0.00287851
0.899975 -0.102879
0.709975 -0.0928785
0.809975 -0.192879
0.709978 -0.0925907
0.809978 -0.192591
0.828978 -0.173591
0.728978 -0.0735907
0.64608 -0.156232
0.74608 -0.256232
0.55608 -0.0662316
0.65608 0.0337684
0.490472 0.0303916
0.590472 -0.0696084
0.690472 0.0303916
0.590472 -0.0696084
0.521425 0.0273524
0.621425 -0.0726476
0.431425 -0.0626476
0.531425 -0.162648
0.459282 -0.0653828
0.559282 0.0346172
0.403354 0.0311555
0.503354 -0.0688445
0.603354 0.0311555
0.503354 0.131155
0.443019 0.0280399
0.543019 0.12804
0.388717 0.115236
0.488717 0.215236
0.339845 0.193712
0.439845 0.0937123
0.339845 0.193712
0.439845 0.293712
0.295861 0.264341
0.395861 0.164341
0.456274 0.147907
0.356274 0.247907
0.310647 0.133116
0.410647 0.233116
0.420647 0.223116
0.320647 0.323116
0.478582 0.200805
0.378582 0.100805
0.530724 0.180724
0.430724 0.280724
0.377652 0.162652
0.477652 0.0626518
0.329887 0.0563866
0.429887 0.156387
0.329887 0.0563866
0.429887 -0.0436134
0.286898 -0.0392521
0.386898 0.0607479
0.286898 -0.0392521
0.386898 0.0607479
0.248208 0.0546731
0.348208 -0.0453269
0.413387 -0.0407942
0.313387 0.0592058
0.472049 -0.0367148
0.372049 -0.136715
0.234844 -0.123043
0.334844 -0.0230433
0.234844 -0.123043
0.334844 -0.0230433
0.401359 -0.020739
0.301359 -0.120739
0.261223 -0.0186651
0.361223 0.0813349
0.171223 -0.108665
0.271223 -0.208665
0.144101 -0.187799
0.244101 -0.0877986
0.344101 -0.187799
0.244101 -0.287799
0.209691 -0.169019
0.309691 -0.269019
0.378722 -0.242117
0.278722 -0.342117
0.44085 -0.217905
0.34085 -0.317905
0.296765 -0.196115
0.396765 -0.0961146
0.457088 -0.0865032
0.357088 0.0134968
0.511379 -0.0778528
0.411379 -0.177853
0.560241 -0.0700676
0.460241 -0.170068
0.604217 -0.0630608
0.504217 -0.163061
0.643796 -0.0567547
0.543796 -0.156755
0.479416 -0.0510793
0.579416 -0.151079
0.589416 -0.141079
0.489416 -0.0410793
0.340474 -0.0369713
0.440474 0.0630287
0.296427 0.0567258
0.396427 0.156726
0.256784 0.141053
0.356784 0.241053
0.221106 0.216948
0.321106 0.316948
0.188995 0.285253
0.288995 0.185253
0.188995 0.285253
0.288995 0.385253
0.160096 0.166728
0.260096 0.0667278
0.334086 0.060055
0.234086 -0.039945
0.200678 0.0540495
0.300678 -0.0459505
0.37061 -0.0413554
0.27061 -0.141355
0.233549 -0.0372199
0.333549 0.0627801
0.143549 -0.12722
0.243549 -0.0272199
0.200194 0.0565021
0.300194 0.156502
0.319194 -0.0244979
0.219194 -0.124498
0.187275 -0.0220481
0.287275 0.0779519
0.0972745 -0.112048
0.197275 -0.0120481
0.358547 0.0701567
0.258547 0.170157
0.422692 0.063141
0.322692 0.163141
0.480423 0.0568269
0.380423 -0.0431731
0.532381 0.0511442
0.432381 -0.0488558
0.379143 0.0460298
0.479143 -0.0539702
0.331228 -0.0485732
0.431228 0.0514268
0.331228 -0.0485732
0.431228 -0.148573
0.288106 -0.133716
0.388106 -0.0337159
0.288106 -0.133716
0.388106 -0.233716
0.449295 -0.0303443
0.349295 -0.130344
0.504366 -0.0273098
0.404366 -0.12731
0.353929 -0.0245789
0.453929 -0.124579
0.463929 -0.114579
0.363929 -0.214579
