0.9 0
0.8 0
0.9 0.1
0.91 0
0.81 -0.1
0.719 0
0.819 -0.1
0.8371 -0.09
0.7371 -0.19
0.65339 -0.081
0.75339 -0.181
0.578051 -0.1629
0.678051 -0.2629
0.710246 -0.23661
0.610246 -0.13661
0.739221 -0.212949
0.639221 -0.312949
0.565299 -0.191654
0.665299 -0.0916541
0.498769 -0.0824887
0.598769 -0.182489
0.438892 -0.16424
0.538892 -0.26424
0.585003 -0.237816
0.485003 -0.337816
0.626503 -0.214034
0.526503 -0.114034
0.663853 -0.192631
0.563853 -0.292631
0.697467 -0.173368
0.597467 -0.273368
0.527721 -0.156031
0.627721 -0.056031
0.464948 -0.0504279
0.564948 -0.150428
0.408454 -0.135385
0.508454 -0.0353851
0.357608 -0.0318466
0.457608 -0.131847
0.311847 -0.118662
0.411847 -0.218662
0.470663 -0.196796
0.370663 -0.296796
0.323596 -0.177116
0.423596 -0.0771162
0.481237 -0.0694045
0.381237 0.0305955
0.533113 -0.0624641
0.433113 0.0375359
0.379802 -0.0562177
0.479802 0.0437823
0.531822 0.0394041
0.431822 -0.0605959
0.578639 0.0354637
0.478639 0.135464
0.420776 0.0319173
0.520776 -0.0680827
0.568698 -0.0612744
0.468698 -0.161274
0.611828 -0.055147
0.511828 -0.155147
0.450645 -0.0496323
0.550645 0.0503677
0.595581 0.0453309
0.495581 0.145331
0.636023 0.0407979
0.536023 0.140798
0.67242 0.0367181
0.57242 -0.0632819
0.505178 0.0330463
0.605178 0.133046
0.644661 0.119742
0.544661 0.219742
0.680195 0.107767
0.580195 0.207767
0.712175 0.0969907
0.612175 0.196991
0.740958 0.0872917
0.640958 0.187292
0.566862 0.0785625
0.666862 0.178562
0.700176 0.160706
0.600176 0.260706
0.730158 0.144636
0.630158 0.244636
0.757142 0.130172
0.657142 0.0301721
0.581428 0.117155
0.681428 0.0171548
0.513285 0.0154394
0.613285 -0.0845606
0.651957 -0.0761046
0.551957 -0.176105
0.686761 -0.0684941
0.586761 -0.168494
0.718085 -0.0616447
0.618085 -0.161645
0.746276 -0.0554802
0.646276 0.0445198
0.771649 -0.0499322
0.671649 0.0500678
0.594484 -0.044939
0.694484 0.055061
0.525036 0.0495549
0.625036 -0.0504451
0.462532 -0.0454006
0.562532 0.0545994
0.606279 0.0491395
0.506279 -0.0508605
0.445651 0.0442255
0.545651 -0.0557745
0.391086 -0.050197
0.491086 -0.150197
0.541977 -0.135177
0.441977 -0.0351773
0.38778 -0.12166
0.48778 -0.0216596
0.539002 -0.0194936
0.439002 -0.119494
0.585101 -0.0175443
0.485101 -0.117544
0.426591 -0.0157898
0.526591 -0.11579
0.573932 -0.104211
0.473932 -0.00421086
0.144185 0.00217177
0.0441848 0.00217177
0.144185 -0.0978282
0.229766 0.00195459
0.129766 -0.0980454
0.30679 0.00175913
0.20679 0.101759
0.176111 0.00158322
0.276111 -0.0984168
0.1485 -0.0885751
0.2485 -0.188575
0.1485 -0.0885751
0.2485 0.0114249
0.12365 0.0102824
0.22365 -0.0897176
0.12365 0.0102824
0.22365 0.110282
0.101285 0.0992542
0.201285 0.199254
0.281156 0.179329
0.181156 0.279329
0.353041 0.161396
0.253041 0.0613959
0.217737 0.145256
0.317737 0.245256
0.327737 0.0552563
0.227737 0.155256
0.394963 0.0497307
0.294963 -0.0502693
0.455467 0.0447576
0.355467 0.144758
0.30992 0.0402818
0.40992 -0.0597182
0.468928 -0.0537463
0.368928 0.0462537
0.522035 -0.0483717
0.422035 0.0516283
0.369832 -0.0435345
0.469832 0.0564655
0.279832 0.0464655
0.379832 -0.0535345
0.441848 -0.0481811
0.341848 -0.148181
0.497664 -0.043363
0.397664 0.056637
0.347897 -0.0390267
0.447897 0.0609733
0.457897 0.0509733
0.357897 0.150973
0.512108 0.045876
0.412108 0.145876
0.560897 0.0412884
0.460897 -0.0587116
0.404807 0.0371595
0.504807 0.13716
0.514807 -0.0528405
0.414807 -0.15284
0.363326 -0.0475564
0.463326 -0.147556
0.516994 -0.132801
0.416994 -0.0328008
0.565294 -0.119521
0.465294 -0.0195207
0.608765 -0.107569
0.508765 -0.207569
0.647888 -0.0968118
0.547888 -0.196812
0.6831 -0.0871306
0.5831 -0.187131
0.51479 -0.0784175
0.61479 0.0215825
0.453311 0.0194242
0.553311 -0.0805758
0.653311 0.0194242
0.553311 -0.0805758
0.48798 0.0174818
0.58798 0.117482
0.629182 0.105734
0.529182 0.00573363
0.666263 0.0951603
0.566263 -0.00483974
0.699637 0.0856442
0.599637 -0.0143558
0.529673 0.0770798
0.629673 0.17708
0.466706 0.159372
0.566706 0.0593718
0.610035 0.0534346
0.510035 -0.0465654
0.649032 0.0480912
0.549032 0.148091
0.484129 0.0432821
0.584129 0.143282
0.394129 0.133282
0.494129 0.233282
0.425716 0.128954
0.525716 0.0289539
0.373144 0.0260585
0.473144 0.126058
0.573144 0.0260585
0.473144 0.126058
0.41583 0.0234526
0.51583 -0.0765474
0.564247 -0.0688926
0.464247 0.0311074
0.607822 -0.0620034
0.507822 -0.162003
0.64704 -0.055803
0.54704 -0.155803
0.482336 -0.0502227
0.582336 0.0497773
0.592336 -0.140223
0.492336 -0.240223
0.633102 -0.1262
0.533102 -0.0262005
0.669792 -0.11358
0.569792 -0.21358
0.702813 -0.102222
0.602813 -0.202222
0.532532 -0.0920001
0.632532 -0.192
0.442532 -0.182
0.542532 -0.282
0.469278 -0.1728
0.569278 -0.0728001
0.612351 -0.0655201
0.512351 0.0344799
0.451116 -0.0589681
0.551116 -0.158968
0.361116 0.0310319
0.461116 0.131032
0.315004 0.117929
0.415004 0.0179287
0.515004 0.117929
0.415004 0.217929
0.363504 0.106136
0.463504 0.00613584
0.273504 0.196136
0.373504 0.0961358
0.517153 0.00552226
0.417153 0.105522
0.365438 0.00497003
0.465438 0.10497
0.318894 0.094473
0.418894 -0.00552697
0.518894 0.094473
0.418894 -0.00552697
0.367005 0.0850257
0.467005 0.185026
0.520304 0.166523
0.420304 0.266523
0.368274 0.149871
0.468274 0.249871
0.278274 0.239871
0.378274 0.139871
0.440446 0.125884
0.340446 0.225884
0.496402 0.113295
0.396402 0.213295
0.546762 0.101966
0.446762 0.00196584
0.392085 0.0917693
0.492085 -0.00823074
0.288755 -0.00591669
0.388755 -0.00591669
0.288755 -0.105917
0.449879 -0.00532502
0.349879 0.094675
0.504891 -0.00479252
0.404891 0.0952075
0.554402 -0.00431327
0.454402 -0.104313
0.598962 -0.00388194
0.498962 0.0961181
0.639066 -0.00349375
0.539066 0.0965063
0.475159 -0.00314437
0.575159 0.0968556
0.417643 0.0871701
0.517643 0.18717
0.417643 0.0871701
0.517643 -0.0128299
0.365879 -0.0115469
0.465879 0.0884531
0.565879 -0.0115469
0.465879 0.0884531
0.609291 -0.0103922
0.509291 0.0896078
0.648362 -0.00935302
0.548362 -0.109353
0.483526 -0.00841772
0.583526 -0.108418
0.425173 -0.0975759
0.525173 0.00242405
0.625173 -0.0975759
0.525173 0.00242405
0.462656 -0.0878184
0.562656 -0.187818
0.60639 -0.169037
0.50639 -0.269037
0.445751 -0.152133
0.545751 -0.0521329
0.591176 -0.0469196
0.491176 0.0530804
0.432059 -0.0422276
0.532059 -0.142228
0.342059 0.0477724
0.442059 -0.0522276
0.378853 -0.128005
0.478853 -0.228005
0.297853 -0.0470049
0.397853 0.0529951
0.458067 0.0476956
0.358067 0.147696
0.512261 0.0429261
0.412261 0.142926
0.361035 0.0386335
0.461035 -0.0613665
0.271035 0.128633
0.371035 0.228633
0.233931 0.20577
0.333931 0.10577
0.200538 0.0951931
0.300538 0.195193
0.400538 0.0951931
0.300538 0.195193
0.460484 0.0856738
0.360484 0.185674
0.314436 0.0771064
0.414436 -0.0228936
0.472992 -0.0206042
0.372992 -0.120604
0.325693 -0.0185438
0.425693 -0.118544
0.283124 -0.106689
0.383124 -0.206689
0.444811 -0.18602
0.344811 -0.0860205
0.30033 -0.167418
0.40033 -0.0674184
0.41033 -0.0774184
0.31033 -0.177418
0.269297 -0.0696766
0.369297 -0.169677
0.379297 -0.159677
0.279297 -0.259677
0.441367 -0.143709
0.341367 -0.0437089
0.497231 -0.129338
0.397231 -0.229338
0.547508 -0.116404
0.447508 -0.216404
0.392757 -0.104764
0.492757 -0.204764
0.302757 -0.194764
0.402757 -0.294764
0.543481 -0.184287
0.443481 -0.0842874
0.389133 -0.165859
0.489133 -0.0658587
0.54022 -0.0592728
0.44022 -0.159273
0.586198 -0.0533455
0.486198 0.0466545
0.427578 -0.048011
0.527578 0.051989
0.57482 0.0467901
0.47482 -0.0532099
0.617338 0.0421111
0.517338 0.142111
0.655604 0.0379
0.555604 -0.0621
0.690044 0.03411
0.590044 0.13411
0.52104 0.030699
0.62104 -0.069301
0.63104 0.120699
0.53104 0.020699
0.667936 0.108629
0.567936 0.0086291
0.501142 0.0977662
0.601142 0.197766
0.641028 0.17799
0.541028 0.0779896
0.476925 0.160191
0.576925 0.0601906
0.586925 0.0701906
0.486925 0.170191
0.428233 0.0631715
0.528233 -0.0368285
0.538233 0.153172
0.438233 0.253172
0.584409 0.137854
0.484409 0.0378544
0.625968 0.124069
0.525968 0.024069
0.663372 0.111662
0.563372 0.0116621
0.497034 0.100496
0.597034 0.000495853
0.637331 0.000446268
0.537331 0.100446
0.673598 0.000401641
0.573598 -0.0995984
0.506238 0.000361477
0.606238 -0.0996385
0.445614 -0.0896747
0.545614 -0.189675
0.591053 -0.170707
0.491053 -0.270707
0.631948 -0.153636
0.531948 -0.253636
0.668753 -0.138273
0.568753 -0.238273
0.501878 -0.124446
0.601878 -0.224446
0.411878 -0.214446
0.511878 -0.114446
0.56069 -0.103001
0.46069 -0.203001
0.604621 -0.0927009
0.504621 -0.192701
0.444159 -0.0834308
0.544159 0.0165692
0.589743 0.0149123
0.489743 -0.0850877
0.446393 0.00999633
0.546393 0.00999633
0.446393 -0.0900037
0.591753 0.0089967
0.491753 -0.0910033
0.432578 0.00809703
0.532578 -0.091903
0.342578 -0.081903
0.442578 -0.181903
0.57932 -0.0827127
0.47932 0.0172873
0.421388 -0.0744414
0.521388 -0.174441
0.531388 0.0155586
0.431388 -0.0844414
0.578249 0.0140027
0.478249 0.114003
0.420424 0.0126025
0.520424 0.112602
0.368382 0.101342
0.468382 0.00134221
0.568382 0.101342
0.468382 0.00134221
0.411544 0.091208
0.511544 -0.00879201
0.521544 0.00120799
0.421544 0.101208
0.569389 0.00108719
0.469389 -0.0989128
0.61245 0.000978475
0.51245 -0.0990215
0.451205 0.000880627
0.551205 0.100881
0.396085 0.0907926
0.496085 0.190793
0.346476 0.171713
0.446476 0.0717133
0.301829 0.064542
0.401829 -0.035458
0.261646 -0.0319122
0.361646 -0.131912
0.461646 -0.0319122
0.361646 0.0680878
0.315481 -0.028721
0.415481 -0.128721
0.225481 0.061279
0.325481 0.161279
0.392933 0.145151
0.292933 0.0451511
0.25364 0.130636
0.35364 0.230636
0.36364 0.040636
0.26364 -0.059364
0.427276 0.0365724
0.327276 0.136572
0.284548 0.0329152
0.384548 -0.0670848
0.246093 -0.0603764
0.346093 0.0396236
0.246093 -0.0603764
0.346093 0.0396236
0.411484 0.0356613
0.311484 0.135661
0.270336 0.0320951
0.370336 -0.0679049
0.433302 -0.0611144
0.333302 0.0388856
0.289972 -0.0550029
0.389972 -0.155003
0.250975 -0.139503
0.350975 -0.239503
0.250975 -0.139503
0.350975 -0.0395026
0.415877 -0.0355524
0.315877 0.0644476
0.27429 -0.0319971
0.37429 -0.131997
0.38429 0.0580029
0.28429 -0.0419971
0.445861 0.0522026
0.345861 -0.0477974
0.501275 0.0469823
0.401275 0.146982
0.551147 0.0422841
0.451147 0.142284
0.396032 0.0380557
0.496032 -0.0619443
0.306032 0.128056
0.406032 0.228056
0.465429 0.20525
0.365429 0.10525
0.518886 0.184725
0.418886 0.284725
0.366998 0.166253
0.466998 0.0662526
0.520298 0.0596273
0.420298 0.159627
0.568268 0.0536646
0.468268 -0.0463354
0.411441 0.0482981
0.511441 0.148298
0.521441 -0.0417019
0.421441 0.0582981
0.569297 -0.0375317
0.469297 -0.137532
0.412367 -0.0337785
0.512367 0.0662215
0.522367 -0.123779
0.422367 -0.223779
0.570131 -0.111401
0.470131 -0.211401
0.613118 -0.100261
0.513118 -0.000260592
0.451806 -0.0902345
0.551806 0.00976547
0.561806 -0.000234533
0.461806 0.0997655
0.605625 -0.000211079
0.505625 -0.100211
0.445063 -0.000189971
0.545063 0.09981
0.555063 -0.09019
0.455063 0.00981003
0.599556 -0.081171
0.499556 0.018829
0.639601 -0.0730539
0.539601 -0.173054
0.675641 -0.0657485
0.575641 0.0342515
0.708077 -0.0591736
0.608077 -0.159174
0.737269 -0.0532563
0.637269 0.0467437
0.563542 -0.0479306
0.663542 0.0520694
0.497188 0.0468624
0.597188 0.146862
0.437469 0.132176
0.537469 0.0321762
0.637469 0.132176
0.537469 0.232176
0.673722 0.118959
0.573722 0.0189586
0.70635 0.107063
0.60635 0.207063
0.735715 0.0963564
0.635715 0.196356
0.762143 0.0867208
0.662143 0.186721
0.785929 0.0780487
0.685929 -0.0219513
0.807336 0.0702438
0.707336 0.170244
0.626603 0.0632195
0.726603 0.163219
0.736603 0.153219
0.636603 0.253219
0.562942 0.137898
0.662942 0.0378975
0.696648 0.0341078
0.596648 -0.0658922
0.600764 -0.011087
0.700764 -0.011087
0.600764 0.088913
0.730688 -0.00997829
0.630688 0.0900217
0.557619 -0.00898046
0.657619 0.0910195
0.467619 0.0810195
0.567619 0.18102
0.691857 0.0819176
0.591857 0.181918
0.522671 0.0737258
0.622671 -0.0262742
0.460404 -0.0236468
0.560404 0.0763532
0.660404 -0.0236468
0.560404 -0.123647
0.694364 -0.0212821
0.594364 0.0787179
0.724927 -0.0191539
0.624927 -0.119154
0.752435 -0.0172385
0.652435 0.0827615
0.777191 -0.0155146
0.677191 -0.115515
0.799472 -0.0139632
0.699472 0.0860368
0.619525 -0.0125669
0.719525 -0.112567
0.547572 -0.10131
0.647572 -0.00131017
0.547572 -0.10131
0.647572 -0.00131017
0.482815 -0.00117915
0.582815 0.0988208
0.482815 -0.00117915
0.582815 0.0988208
0.624534 0.0889388
0.524534 0.188939
0.46208 0.0800449
0.56208 0.180045
0.57208 0.170045
0.47208 0.0700449
0.614872 0.15304
0.514872 0.25304
0.653385 0.137736
0.553385 0.0377364
0.688047 0.123963
0.588047 0.223963
0.719242 0.111566
0.619242 0.0115665
0.547318 0.10041
0.647318 0.20041
0.657318 0.0104098
0.557318 0.11041
0.491586 0.00936882
0.591586 0.109369
0.401586 0.0993688
0.501586 -0.000631175
0.351427 -0.000568058
0.451427 -0.100568
0.506285 -0.0905113
0.406285 0.00948875
0.555656 -0.0814601
0.455656 -0.18146
0.600091 -0.0733141
0.500091 -0.173314
0.640081 -0.0659827
0.540081 0.0340173
0.676073 -0.0593844
0.576073 -0.159384
0.508466 -0.053446
0.608466 -0.153446
0.647619 -0.138101
0.547619 -0.238101
0.482857 -0.124291
0.582857 -0.0242913
0.392857 -0.214291
0.492857 -0.114291
0.624572 -0.0218621
0.524572 -0.121862
0.462115 -0.0196759
0.562115 -0.119676
0.605903 -0.107708
0.505903 -0.00770832
0.645313 -0.0969375
0.545313 0.00306251
0.680781 -0.0872437
0.580781 0.0127563
0.712703 -0.0785194
0.612703 0.0214806
0.541433 -0.0706674
0.641433 -0.170667
0.67729 -0.153601
0.57729 -0.0536007
0.509561 -0.138241
0.609561 -0.0382406
0.619561 -0.0482406
0.519561 -0.148241
0.457605 -0.0434166
0.557605 -0.143417
0.401844 -0.129075
0.501844 -0.0290749
0.55166 -0.0261674
0.45166 -0.126167
0.596494 -0.0235507
0.496494 0.0764493
0.436844 -0.0211956
0.536844 -0.121196
0.546844 0.0688044
0.446844 -0.0311956
0.59216 0.061924
0.49216 -0.038076
0.432944 0.0557316
0.532944 0.155732
0.57965 0.140158
0.47965 0.240158
0.621685 0.126143
0.521685 0.0261426
0.459516 0.113528
0.559516 0.213528
0.369516 0.0235283
0.469516 0.123528
0.403565 0.192175
0.503565 0.0921755
0.353208 0.0829579
0.453208 -0.0170421
0.307887 -0.0153379
0.407887 0.0846621
0.507887 -0.0153379
0.407887 0.0846621
0.557099 -0.0138041
0.457099 0.0861959
0.601389 -0.0124237
0.501389 0.0875763
0.751669 -0.0138568
0.651669 -0.0138568
0.751669 0.0861432
0.576502 -0.0124711
0.676502 0.0875289
0.776502 0.0775289
0.676502 0.177529
0.798852 0.069776
0.698852 0.169776
0.818967 0.0627984
0.718967 0.162798
0.83707 0.0565186
0.73707 0.156519
0.653363 0.0508667
0.753363 0.150867
0.563363 0.140867
0.663363 0.0408667
0.497027 0.0367801
0.597027 -0.0632199
0.637324 -0.056898
0.537324 0.043102
0.473592 -0.0512082
0.573592 0.0487918
0.583592 0.0387918
0.483592 0.138792
0.425232 0.0349127
0.525232 0.134913
0.335232 0.124913
0.435232 0.224913
0.572709 0.121421
0.472709 0.221421
0.415438 0.109279
0.515438 0.00927925
0.363894 0.00835133
0.463894 -0.0916487
0.517505 -0.0824838
0.417505 -0.182484
0.565755 -0.0742354
0.465755 -0.174235
0.409179 -0.0668119
0.509179 0.0331881
0.519179 -0.156812
0.419179 -0.0568119
0.367261 -0.141131
0.467261 -0.0411307
0.477261 -0.0511307
0.377261 -0.151131
0.329535 -0.0460176
0.429535 0.0539824
0.239535 -0.136018
0.339535 -0.0360176
0.486582 0.0485841
0.386582 0.148584
0.337923 0.0437257
0.437923 -0.0562743
0.294131 -0.0506468
0.394131 -0.150647
0.254718 -0.135582
0.354718 -0.235582
0.419246 -0.212024
0.319246 -0.112024
0.477322 -0.190822
0.377322 -0.290822
0.529589 -0.171739
0.429589 -0.271739
0.37663 -0.154565
0.47663 -0.0545655
0.328967 -0.0491089
0.428967 -0.149109
0.328967 -0.0491089
0.428967 -0.149109
0.486071 -0.134198
0.386071 -0.234198
0.537464 -0.120778
0.437464 -0.220778
0.583717 -0.1087
0.483717 -0.2087
0.625346 -0.0978304
0.525346 -0.19783
0.662811 -0.0880473
0.562811 -0.188047
0.49653 -0.0792426
0.59653 0.0207574
0.636877 0.0186817
0.536877 -0.0813183
0.673189 0.0168135
0.573189 0.116814
0.70587 0.0151322
0.60587 -0.0848678
0.535283 0.0136189
0.635283 0.113619
0.671755 0.102257
0.571755 0.00225704
0.504579 0.0920313
0.604579 -0.00796866
0.614579 0.00203134
0.514579 -0.0979687
0.453121 0.00182821
0.553121 -0.0981718
0.563121 -0.0881718
0.463121 0.0118282
0.606809 -0.0793546
0.506809 -0.179355
0.446128 -0.0714192
0.546128 0.0285808
0.391516 0.0257228
0.491516 -0.0742772
0.391516 0.0257228
0.491516 0.125723
0.342364 0.11315
0.442364 0.21315
0.298128 0.191835
0.398128 0.291835
0.258315 0.262652
0.358315 0.362652
0.222483 0.326387
0.322483 0.226387
0.390235 0.203748
0.290235 0.303748
0.451212 0.183373
0.351212 0.283373
0.50609 0.165036
0.40609 0.0650359
0.555481 0.148532
0.455481 0.0485323
0.399933 0.133679
0.499933 0.0336791
0.34994 0.0303112
0.44994 -0.0696888
0.504946 -0.0627199
0.404946 -0.16272
0.554451 -0.0564479
0.454451 -0.156448
0.599006 -0.0508032
0.499006 -0.150803
0.639106 -0.0457228
0.539106 -0.145723
0.475195 -0.0411506
0.575195 -0.141151
0.417675 -0.127035
0.517675 -0.0270355
0.617675 -0.127035
0.517675 -0.0270355
0.455908 -0.114332
0.555908 -0.0143319
0.565908 -0.0243319
0.465908 0.0756681
0.899 -0.0073179
0.799 -0.0073179
0.899 0.0926821
0.7091 -0.00658611
0.8091 0.0934139
0.7091 0.0834139
0.8091 0.183414
0.82819 0.0840725
0.72819 0.184072
0.845371 0.0756652
0.745371 -0.0243348
0.660834 0.0680987
0.760834 0.168099
0.570834 -0.0219013
0.670834 0.0780987
0.58475 0.151289
0.68475 0.0512889
0.716275 0.04616
0.616275 0.14616
0.544648 0.041544
0.644648 0.141544
0.654648 0.131544
0.554648 0.231544
0.489183 0.11839
0.589183 0.21839
0.599183 0.20839
0.499183 0.30839
0.439265 0.187551
0.539265 0.0875506
0.585338 0.0787956
0.485338 0.178796
0.626804 0.070916
0.526804 -0.029084
0.664124 0.0638244
0.564124 -0.0361756
0.497712 0.057442
0.597712 -0.042558
0.43794 -0.0383022
0.53794 0.0616978
0.43794 -0.0383022
0.53794 -0.138302
0.384146 -0.124472
0.484146 -0.224472
0.535732 -0.202025
0.435732 -0.102025
0.582159 -0.181822
0.482159 -0.0818223
0.623943 -0.16364
0.523943 -0.0636401
0.461548 -0.147276
0.561548 -0.0472761
0.571548 -0.0572761
0.471548 0.0427239
0.614394 -0.0515485
0.514394 0.0484515
0.452954 -0.0463936
0.552954 -0.146394
0.597659 -0.131754
0.497659 -0.0317543
0.637893 -0.118579
0.537893 -0.0185788
0.474104 -0.106721
0.574104 -0.00672096
0.384104 -0.016721
0.484104 -0.116721
0.335693 -0.105049
0.435693 -0.00504886
0.335693 -0.105049
0.435693 -0.205049
0.492124 -0.184544
0.392124 -0.284544
0.542912 -0.16609
0.442912 -0.0660896
0.58862 -0.149481
0.48862 -0.0494806
0.429758 -0.134533
0.529758 -0.0345326
0.376783 -0.0310793
0.476783 -0.131079
0.376783 -0.0310793
0.476783 0.0689207
0.329104 0.0620286
0.429104 -0.0379714
0.529104 0.0620286
0.429104 -0.0379714
0.576194 0.0558258
0.476194 0.155826
0.418574 0.0502432
0.518574 -0.0497568
0.528574 0.140243
0.428574 0.0402432
0.375717 0.126219
0.475717 0.0262189
0.528145 0.023597
0.428145 0.123597
0.575331 0.0212373
0.475331 0.121237
0.417798 0.0191136
0.517798 0.119114
0.527798 0.109114
0.427798 0.00911356
0.575018 0.0982022
0.475018 0.198202
0.617516 0.088382
0.517516 -0.011618
0.455765 0.0795438
0.555765 0.179544
0.365765 -0.0104562
0.465765 -0.110456
0.319188 -0.0994106
0.419188 -0.199411
0.477269 -0.17947
0.377269 -0.27947
0.329542 -0.161523
0.429542 -0.0615226
0.439542 -0.251523
0.339542 -0.151523
0.495588 -0.22637
0.395588 -0.12637
0.346029 -0.203733
0.446029 -0.303733
0.256029 -0.113733
0.356029 -0.213733
0.301426 -0.27336
0.401426 -0.17336
0.461284 -0.156024
0.361284 -0.056024
0.315155 -0.140422
0.415155 -0.240422
0.425155 -0.0504216
0.325155 -0.150422
0.28264 -0.0453794
0.38264 0.0546206
0.244376 0.0491585
0.344376 0.149159
0.409938 0.134243
0.309938 0.0342427
0.468944 0.120818
0.368944 0.220818
0.52205 0.108737
0.42205 0.208737
