0.00801336 -0.899964
0.108013 -0.899964
0.00801336 -0.799964
0.197212 -0.809968
0.097212 -0.709968
-0.092788 -0.719968
0.00721202 -0.619968
0.0164908 -0.647971
-0.0835092 -0.747971
0.0248417 -0.673174
-0.0751583 -0.773174
-0.167642 -0.695857
-0.0676424 -0.595857
-0.167642 -0.695857
-0.0676424 -0.595857
0.0391218 -0.536271
-0.0608782 -0.636271
-0.15479 -0.572644
-0.0547904 -0.472644
-0.15479 -0.572644
-0.0547904 -0.472644
0.0506887 -0.425379
-0.0493113 -0.525379
-0.14438 -0.472841
-0.0443802 -0.572841
-0.139942 -0.515557
-0.0399422 -0.415557
0.0600578 -0.515557
-0.0399422 -0.415557
-0.045948 -0.464002
0.054052 -0.364002
-0.135948 -0.374002
-0.035948 -0.274002
0.148647 -0.327601
0.0486468 -0.427601
0.143782 -0.384841
0.0437821 -0.284841
0.229404 -0.346357
0.129404 -0.246357
0.106464 -0.311721
0.206464 -0.411721
0.0858172 -0.370549
0.185817 -0.470549
0.0672355 -0.423494
0.167235 -0.523494
0.250512 -0.471145
0.150512 -0.571145
0.0354607 -0.51403
0.135461 -0.41403
0.131915 -0.462627
0.0319147 -0.562627
0.128723 -0.506365
0.0287232 -0.606365
0.125851 -0.545728
0.0258509 -0.645728
0.123266 -0.581155
0.0232658 -0.681155
0.120939 -0.61304
0.0209392 -0.71304
0.118845 -0.641736
0.0188453 -0.541736
-0.0811547 -0.641736
0.0188453 -0.541736
-0.173039 -0.577562
-0.0730392 -0.477562
-0.255735 -0.519806
-0.155735 -0.619806
-0.240162 -0.557825
-0.140162 -0.657825
-0.226146 -0.592043
-0.126146 -0.692043
-0.213531 -0.622839
-0.113531 -0.522839
-0.213531 -0.622839
-0.113531 -0.522839
-0.202178 -0.470555
-0.102178 -0.370555
-0.202178 -0.470555
-0.102178 -0.370555
0.00803985 -0.333499
-0.0919601 -0.233499
-0.0927641 -0.300149
0.00723587 -0.200149
-0.182764 -0.210149
-0.0827641 -0.310149
0.0255123 -0.279134
-0.0744877 -0.379134
-0.167039 -0.341221
-0.0670389 -0.241221
-0.167039 -0.341221
-0.0670389 -0.441221
-0.160335 -0.397099
-0.0603351 -0.497099
0.0456985 -0.447389
-0.0543015 -0.347389
0.141129 -0.40265
0.0411286 -0.30265
0.0270157 -0.362385
0.127016 -0.262385
0.137016 -0.272385
0.0370157 -0.172385
0.0233142 -0.245147
0.123314 -0.145147
-0.0666858 -0.155147
0.0333142 -0.0551466
0.210983 -0.130632
0.110983 -0.0306319
0.289884 -0.117569
0.189884 -0.217569
0.070896 -0.195812
0.170896 -0.295812
0.0538064 -0.266231
0.153806 -0.366231
0.0384258 -0.329608
0.138426 -0.429608
0.224583 -0.386647
0.124583 -0.286647
0.0245832 -0.386647
0.124583 -0.286647
0.122125 -0.347982
0.0221249 -0.247982
0.0121249 -0.257982
0.112125 -0.357982
0.200912 -0.322184
0.100912 -0.222184
0.200912 -0.322184
0.100912 -0.222184
0.190821 -0.199966
0.0908212 -0.299966
-0.018261 -0.269969
0.081739 -0.169969
0.0835651 -0.242972
-0.0164349 -0.142972
0.173565 -0.152972
0.0735651 -0.0529721
-0.114791 -0.128675
-0.0147914 -0.0286749
-0.00331224 -0.115807
-0.103312 -0.215807
-0.192981 -0.194227
-0.092981 -0.0942267
-0.273683 -0.174804
-0.173683 -0.274804
-0.256315 -0.247324
-0.156315 -0.347324
-0.0406832 -0.312591
-0.140683 -0.212591
-0.0406832 -0.312591
-0.140683 -0.412591
-0.0266148 -0.371332
-0.126615 -0.471332
-0.213953 -0.424199
-0.113953 -0.524199
-0.00255802 -0.471779
-0.102558 -0.571779
0.00769778 -0.514601
-0.0923022 -0.414601
-0.093072 -0.463141
0.006928 -0.563141
0.106235 -0.506827
0.0062352 -0.606827
-0.0943883 -0.546144
0.00561168 -0.446144
