0 -0.9
0.1 -0.9
0 -0.8
-0.1 -0.81
0 -0.91
0.1 -0.819
0 -0.919
-0.1 -0.8271
0 -0.7271
0.1 -0.8271
0 -0.9271
0.1 -0.83439
0 -0.93439
0.1 -0.840951
0 -0.740951
0.1 -0.840951
0 -0.740951
0.1 -0.666856
0 -0.566856
0.1 -0.666856
0 -0.766856
-0.1 -0.69017
0 -0.79017
0.1 -0.711153
0 -0.611153
0.1 -0.711153
0 -0.611153
0.1 -0.550038
0 -0.650038
-0.1 -0.585034
0 -0.485034
-0.19 -0.526531
-0.09 -0.626531
0.019 -0.563878
-0.081 -0.663878
-0.1729 -0.59749
-0.0729 -0.69749
-0.16561 -0.627741
-0.06561 -0.727741
-0.159049 -0.654967
-0.059049 -0.754967
0.0468559 -0.67947
-0.0531441 -0.77947
-0.14783 -0.701523
-0.0478297 -0.601523
0.0521703 -0.701523
-0.0478297 -0.601523
0.146953 -0.631371
0.0469533 -0.531371
0.232258 -0.568234
0.132258 -0.668234
0.219032 -0.60141
0.119032 -0.50141
0.219032 -0.60141
0.119032 -0.70141
0.207129 -0.631269
0.107129 -0.531269
0.207129 -0.631269
0.107129 -0.531269
0.196416 -0.478142
0.096416 -0.378142
0.196416 -0.478142
0.096416 -0.378142
-0.0132256 -0.340328
0.0867744 -0.440328
0.178097 -0.396295
0.078097 -0.296295
0.178097 -0.396295
0.078097 -0.496295
0.170287 -0.446666
0.0702873 -0.546666
0.163259 -0.491999
0.0632586 -0.591999
-0.0430673 -0.532799
0.0569327 -0.632799
-0.0487606 -0.569519
0.0512394 -0.469519
0.0561155 -0.512567
-0.0438845 -0.612567
0.0605039 -0.551311
-0.0394961 -0.651311
0.0644536 -0.58618
-0.0355464 -0.68618
-0.131992 -0.617562
-0.0319918 -0.717562
-0.128793 -0.645805
-0.0287926 -0.745805
0.0740866 -0.671225
-0.0259134 -0.571225
-0.125913 -0.671225
-0.0259134 -0.571225
-0.213322 -0.604102
-0.113322 -0.504102
-0.0919898 -0.543692
-0.19199 -0.443692
-0.00198982 -0.453692
-0.10199 -0.353692
-0.0727908 -0.399323
-0.172791 -0.499323
-0.0555118 -0.449391
-0.155512 -0.549391
-0.0399606 -0.494452
-0.139961 -0.394452
-0.0399606 -0.494452
-0.139961 -0.594452
-0.0259645 -0.535006
-0.125965 -0.635006
-0.213368 -0.571506
-0.113368 -0.671506
-0.00203126 -0.604355
-0.102031 -0.704355
-0.191828 -0.63392
-0.0918281 -0.53392
-0.191828 -0.63392
-0.0918281 -0.53392
0.0173547 -0.480528
-0.0826453 -0.380528
