0.9 0
0.8 0
0.9 0.1
0.91 0
0.81 -0.1
0.719 0
0.819 -0.1
0.8371 -0.09
0.7371 0.01
0.65339 -0.081
0.75339 0.019
0.778051 0.0171
0.678051 -0.0829
0.800246 0.01539
0.700246 -0.08461
0.820221 0.013851
0.720221 -0.086149
0.838199 0.0124659
0.738199 0.112466
0.854379 0.0112193
0.754379 -0.0887807
0.868941 0.0100974
0.768941 -0.0899026
0.682047 0.00908764
0.782047 -0.0909124
0.803842 -0.0818211
0.703842 0.0181789
0.623458 -0.073639
0.723458 -0.173639
0.551112 -0.156275
0.651112 -0.256275
0.686001 -0.230648
0.586001 -0.130648
0.517401 -0.207583
0.617401 -0.307583
0.655661 -0.276825
0.555661 -0.376825
0.690095 -0.249142
0.590095 -0.149142
0.721085 -0.224228
0.621085 -0.324228
0.548977 -0.201805
0.648977 -0.301805
0.684079 -0.271625
0.584079 -0.371625
0.515671 -0.244462
0.615671 -0.144462
0.454104 -0.130016
0.554104 -0.0300159
0.598694 -0.0270143
0.498694 0.0729857
0.438824 -0.0243129
0.538824 -0.124313
0.584942 -0.111882
0.484942 -0.0118816
0.426448 -0.100693
0.526448 -0.200693
0.573803 -0.180624
0.473803 -0.280624
0.416423 -0.162562
0.516423 -0.0625617
0.56478 -0.0563055
0.46478 -0.156306
0.408302 -0.050675
0.508302 0.049325
0.357472 0.0443925
0.457472 0.144393
0.311725 0.129953
0.411725 0.229953
0.470552 0.206958
0.370552 0.306958
0.323497 0.186262
0.423497 0.286262
0.481147 0.257636
0.381147 0.157636
0.533033 0.231872
0.433033 0.331872
0.379729 0.208685
0.479729 0.308685
0.331756 0.277817
0.431756 0.177817
0.288581 0.160035
0.388581 0.0600349
0.249723 0.0540314
0.349723 0.154031
0.41475 0.138628
0.31475 0.0386283
0.473275 0.124765
0.373275 0.224765
0.325948 0.112289
0.425948 0.0122889
0.483353 0.01106
0.383353 -0.08894
0.335018 0.00995403
0.435018 0.109954
0.491516 0.0989586
0.391516 0.198959
0.342364 0.0890628
0.442364 -0.0109372
0.498128 -0.00984351
0.398128 0.0901565
0.548315 -0.00885916
0.448315 0.0911408
0.593484 -0.00797325
0.493484 0.0920268
0.434135 -0.00717592
0.534135 -0.107176
0.580722 -0.0964583
0.480722 0.00354167
0.62265 -0.0868125
0.52265 0.0131875
0.660385 -0.0781312
0.560385 0.0218688
0.694346 -0.0703181
0.594346 0.0296819
0.524912 -0.0632863
0.624912 0.0367137
0.46242 0.0330423
0.56242 -0.0669577
0.606178 -0.0602619
0.506178 0.0397381
0.645561 -0.0542357
0.545561 -0.154236
0.681004 -0.0488121
0.581004 0.0511879
0.512904 -0.0439309
0.612904 0.0560691
0.14263 4.53887e-05
0.0426296 4.53887e-05
0.14263 0.100045
0.228367 4.08499e-05
0.128367 0.100041
0.10553 3.67649e-05
0.20553 -0.0999632
0.284977 -0.0899669
0.184977 -0.189967
0.156479 -0.0809702
0.256479 0.0190298
0.330831 0.0171268
0.230831 -0.0828732
0.397748 0.0154141
0.297748 0.115414
0.457973 0.0138727
0.357973 0.113873
0.512176 0.0124854
0.412176 0.112485
0.560958 0.0112369
0.460958 -0.0887631
0.404863 0.0101132
0.504863 -0.0898868
0.554376 -0.0808981
0.454376 0.0191019
0.598939 -0.0728083
0.498939 0.0271917
0.639045 -0.0655275
0.539045 -0.165527
0.47514 -0.0589747
0.57514 -0.158975
0.38514 -0.148975
0.48514 -0.248975
0.617626 -0.143077
0.517626 -0.243077
0.655864 -0.12877
0.555864 -0.0287695
0.490277 -0.115893
0.590277 -0.0158926
0.63125 -0.0143033
0.53125 -0.114303
0.668125 -0.012873
0.568125 0.087127
0.501312 -0.0115857
0.601312 -0.111586
0.611312 0.0784143
0.511312 -0.0215857
0.650181 0.0705729
0.550181 -0.0294271
0.485163 0.0635156
0.585163 -0.0364844
0.595163 -0.0264844
0.495163 -0.126484
0.435647 -0.023836
0.535647 -0.123836
0.545647 -0.113836
0.445647 -0.013836
0.391082 -0.102452
0.491082 -0.00245237
0.341974 -0.00220713
0.441974 -0.102207
0.341974 -0.00220713
0.441974 0.0977929
0.297776 0.0880136
0.397776 -0.0119864
0.497776 0.0880136
0.397776 0.188014
0.547999 0.0792122
0.447999 -0.0207878
0.593199 0.071291
0.493199 0.171291
0.433879 0.0641619
0.533879 -0.0358381
0.543879 0.154162
0.443879 0.254162
0.389491 0.138746
0.489491 0.238746
0.540542 0.214871
0.440542 0.314871
0.586488 0.193384
0.486488 0.093384
0.427839 0.174046
0.527839 0.274046
0.337839 0.0840456
0.437839 -0.0159544
0.494055 -0.0143589
0.394055 0.0856411
0.34465 -0.012923
0.44465 0.087077
0.25465 0.077077
0.35465 0.177077
0.300185 0.0783693
0.400185 0.178369
0.419185 0.159369
0.319185 0.259369
0.477266 0.143432
0.377266 0.0434323
0.32954 0.129089
0.42954 0.0290891
0.286586 0.0261802
0.386586 0.12618
0.486586 0.0261802
0.386586 0.12618
0.337927 0.0235622
0.437927 -0.0764378
0.294134 -0.068794
0.394134 0.031206
0.494134 -0.068794
0.394134 -0.168794
0.544721 -0.0619146
0.444721 0.0380854
0.590249 -0.0557232
0.490249 0.0442768
0.631224 -0.0501509
0.531224 -0.150151
0.468102 -0.0451358
0.568102 0.0548642
0.578102 -0.135136
0.478102 -0.0351358
0.620291 -0.121622
0.520291 -0.0216222
0.458262 -0.10946
0.558262 -0.00945998
0.368262 -0.01946
0.468262 0.08054
0.402436 -0.00851398
0.502436 0.091486
0.321436 0.072486
0.421436 -0.027514
0.479292 -0.0247626
0.379292 -0.124763
0.531363 -0.0222863
0.431363 0.0777137
0.378227 -0.0200577
0.478227 0.0799423
0.288227 0.0699423
0.388227 0.169942
0.530404 0.0719481
0.430404 0.171948
0.377364 0.0647533
0.477364 -0.0352467
0.329627 -0.0317221
0.429627 -0.131722
0.486665 -0.11855
0.386665 -0.0185499
0.337998 -0.106695
0.437998 -0.206695
0.294198 -0.186025
0.394198 -0.286025
0.454779 -0.257423
0.354779 -0.357423
0.509301 -0.231681
0.409301 -0.331681
0.558371 -0.208513
0.458371 -0.108513
0.602534 -0.187661
0.502534 -0.287661
0.64228 -0.168895
0.54228 -0.0688951
0.678052 -0.152006
0.578052 -0.0520056
0.510247 -0.136805
0.610247 -0.0368051
0.289713 0.00651513
0.389713 0.00651513
0.289713 -0.0934849
0.250742 0.00586362
0.350742 -0.0941364
0.215667 -0.0847227
0.315667 0.0152773
0.384101 0.0137495
0.284101 -0.0862505
0.445691 0.0123746
0.345691 0.112375
0.301122 0.0111371
0.401122 0.111137
0.461009 0.100023
0.361009 2.34079e-05
0.314908 0.0900211
0.414908 0.190021
0.273418 0.171019
0.373418 0.271019
0.473418 0.171019
0.373418 0.271019
0.526076 0.153917
0.426076 0.0539171
0.373468 0.138525
0.473468 0.0385254
0.326121 0.0346728
0.426121 -0.0653272
0.483509 -0.0587945
0.383509 0.0412055
0.335158 -0.052915
0.435158 0.047085
0.245158 0.037085
0.345158 0.137085
0.291643 0.0423765
0.391643 0.142376
0.210643 0.123376
0.310643 0.0233765
0.179578 0.0210388
0.279578 -0.0789612
0.15162 -0.071065
0.25162 0.028935
0.15162 -0.071065
0.25162 -0.171065
0.126458 -0.153959
0.226458 -0.253959
0.103813 -0.228563
0.203813 -0.128563
0.103813 -0.228563
0.203813 -0.128563
0.283431 -0.115706
0.183431 -0.215706
0.355088 -0.104136
0.255088 -0.204136
0.219579 -0.0937222
0.319579 -0.193722
0.329579 -0.183722
0.229579 -0.283722
0.396621 -0.16535
0.296621 -0.26535
0.456959 -0.148815
0.356959 -0.048815
0.311263 -0.133933
0.411263 -0.0339335
0.270137 -0.0305401
0.370137 -0.13054
0.270137 -0.0305401
0.370137 -0.13054
0.433123 -0.117486
0.333123 -0.0174861
0.489811 -0.105738
0.389811 -0.00573751
0.54083 -0.0951638
0.44083 -0.195164
0.386747 -0.0856474
0.486747 0.0143526
0.338072 0.0129174
0.438072 0.112917
0.294265 0.101626
0.394265 0.201626
0.454838 0.181463
0.354838 0.0814631
0.309355 0.163317
0.409355 0.263317
0.268419 0.236985
0.368419 0.336985
0.431577 0.303287
0.331577 0.203287
0.28842 0.272958
0.38842 0.372958
0.449578 0.335662
0.349578 0.435662
0.30462 0.302096
0.40462 0.402096
0.41462 0.392096
0.31462 0.292096
0.273158 0.352886
0.373158 0.452886
0.383158 0.262886
0.283158 0.362886
0.244842 0.236598
0.344842 0.336598
0.354842 0.326598
0.254842 0.426598
0.219358 0.293938
0.319358 0.193938
0.387422 0.174544
0.287422 0.274544
0.24868 0.15709
0.34868 0.25709
0.35868 0.24709
0.25868 0.14709
0.222812 0.222381
0.322812 0.322381
0.332812 0.132381
0.232812 0.232381
0.399531 0.119143
0.299531 0.219143
0.459578 0.107228
0.359578 0.207228
0.51362 0.0965056
0.41362 0.196506
0.362258 0.086855
0.462258 0.186855
0.426032 0.0781695
0.326032 0.17817
0.516032 0.16817
0.416032 0.26817
0.393429 0.160353
0.293429 0.0603526
0.164086 0.0543173
0.264086 -0.0456827
0.247677 0.0488856
0.147677 0.148886
0.337677 -0.0411144
0.237677 -0.141114
0.11391 -0.127003
0.21391 -0.027003
0.202519 -0.114303
0.102519 -0.0143027
0.0925187 -0.0243027
0.192519 0.0756973
0.183267 -0.0218724
0.0832668 -0.121872
-0.0250599 -0.109685
0.0749401 -0.209685
-0.122554 -0.0987167
-0.0225539 -0.198717
0.0797015 -0.178845
-0.0202985 -0.278845
0.0817314 -0.25096
-0.0182686 -0.15096
0.173558 -0.225864
0.0735582 -0.125864
0.0562024 -0.203278
0.156202 -0.103278
0.166202 -0.113278
0.0662024 -0.013278
0.249582 -0.10195
0.149582 -0.0019502
0.324624 -0.0917552
0.224624 -0.191755
0.392162 -0.0825797
0.292162 0.0174203
0.387497 -0.0186538
0.487497 -0.0186538
0.387497 0.0813462
0.338747 -0.0167884
0.438747 0.0832116
0.248747 0.0732116
0.348747 0.173212
0.294873 0.0748904
0.394873 -0.0251096
0.455385 -0.0225986
0.355385 -0.122599
0.309847 -0.0203388
0.409847 -0.120339
0.268862 -0.108305
0.368862 -0.0083049
0.468862 -0.108305
0.368862 -0.0083049
0.521976 -0.0974744
0.421976 -0.197474
0.369778 -0.087727
0.469778 0.012273
0.5228 0.0110457
0.4228 0.111046
0.57052 0.00994116
0.47052 0.109941
0.613468 0.00894704
0.513468 -0.091053
0.652122 0.00805234
0.552122 0.108052
0.686909 0.0072471
0.586909 0.107247
0.518218 0.00652239
0.618218 -0.0934776
0.456397 -0.0841298
0.556397 -0.18413
0.600757 -0.165717
0.500757 -0.0657169
0.440681 -0.149145
0.540681 -0.249145
0.386613 -0.224231
0.486613 -0.324231
0.386613 -0.224231
0.486613 -0.324231
0.537952 -0.291808
0.437952 -0.191808
0.384157 -0.262627
0.484157 -0.362627
0.294157 -0.172627
0.394157 -0.272627
0.535741 -0.326364
0.435741 -0.226364
0.382167 -0.293728
0.482167 -0.193728
0.53395 -0.174355
0.43395 -0.274355
0.380555 -0.156919
0.480555 -0.0569195
0.5325 -0.0512275
0.4325 0.0487725
0.37925 -0.0461048
0.47925 0.0538952
0.331325 0.0485057
0.431325 0.148506
0.288192 0.133655
0.388192 0.0336551
0.488192 0.133655
0.388192 0.0336551
0.339373 0.12029
0.439373 0.22029
0.295436 0.198261
0.395436 0.0982607
0.495436 0.198261
0.395436 0.298261
0.545892 0.178435
0.445892 0.0784346
0.591303 0.160591
0.491303 0.260591
0.432173 0.144532
0.532173 0.244532
0.578955 0.220079
0.478955 0.120079
0.42106 0.198071
0.52106 0.298071
0.368954 0.268264
0.468954 0.368264
0.568954 0.268264
0.468954 0.168264
0.612058 0.241437
0.512058 0.341437
0.450853 0.217294
0.550853 0.317294
0.360853 0.307294
0.460853 0.407294
0.595767 0.285564
0.495767 0.385564
0.636191 0.257008
0.536191 0.157008
0.472572 0.231307
0.572572 0.331307
0.582572 0.141307
0.482572 0.0413071
0.424314 0.127176
0.524314 0.0271764
0.371883 0.0244588
0.471883 0.124459
0.371883 0.0244588
0.471883 0.124459
0.524695 0.112013
0.424695 0.0120129
0.572225 0.100812
0.472225 0.0008116
0.415003 0.0907304
0.515003 0.19073
0.525003 0.00073044
0.425003 0.10073
0.572502 0.000657396
0.472502 0.100657
0.415252 0.000591656
0.515252 0.100592
0.325252 0.0905917
0.425252 -0.00940834
0.282727 -0.00846751
0.382727 0.0915325
0.282727 -0.00846751
0.382727 0.0915325
0.444454 0.0823792
0.344454 0.182379
0.500009 0.0741413
0.400009 0.174141
0.350008 0.0667272
0.450008 -0.0332728
0.505007 -0.0299455
0.405007 0.0700545
0.354506 -0.026951
0.454506 0.073049
0.264506 0.063049
0.364506 -0.036951
0.428056 -0.0332559
0.328056 0.0667441
0.48525 -0.0299303
0.38525 0.0700697
0.536725 -0.0269373
0.436725 0.0730627
0.583053 -0.0242435
0.483053 -0.124244
0.534747 -0.111819
0.434747 -0.211819
0.491273 -0.190637
0.391273 -0.0906373
0.342145 -0.171574
0.442145 -0.0715735
0.252145 -0.0815735
0.352145 -0.181574
0.416931 -0.163416
0.316931 -0.263416
0.475238 -0.147075
0.375238 -0.0470746
0.527714 -0.132367
0.427714 -0.0323671
0.574943 -0.11913
0.474943 -0.0191304
0.617448 -0.107217
0.517448 -0.207217
0.535429 -0.0308971
0.635429 -0.0308971
0.535429 -0.130897
0.471886 -0.0278074
0.571886 -0.127807
0.614698 -0.115027
0.514698 -0.0150267
0.453228 -0.103524
0.553228 -0.203524
0.397905 -0.183172
0.497905 -0.0831716
0.548114 -0.0748544
0.448114 -0.174854
0.393303 -0.067369
0.493303 0.032631
0.543973 0.0293679
0.443973 0.129368
0.589575 0.0264311
0.489575 -0.0735689
0.430618 0.023788
0.530618 0.123788
0.377556 0.111409
0.477556 0.0114092
0.329801 0.0102683
0.429801 0.110268
0.529801 0.0102683
0.429801 0.110268
0.57682 0.00924145
0.47682 0.109241
0.419138 0.0083173
0.519138 -0.0916827
0.367225 -0.0825144
0.467225 0.0174856
0.367225 -0.0825144
0.467225 -0.182514
0.520502 -0.164263
0.420502 -0.064263
0.368452 -0.147837
0.468452 -0.0478367
0.321607 -0.043053
0.421607 -0.143053
0.521607 -0.043053
0.421607 -0.143053
0.369446 -0.0387477
0.469446 -0.138748
0.279446 -0.128748
0.379446 -0.228748
0.322501 -0.124873
0.422501 -0.0248729
0.280251 -0.0223856
0.380251 0.0776144
0.242226 0.0698529
0.342226 0.169853
0.408004 0.152868
0.308004 0.0528676
0.467203 0.137581
0.367203 0.0375809
0.520483 0.123823
0.420483 0.223823
0.568435 0.11144
0.468435 0.0114405
0.411591 0.100296
0.511591 0.200296
0.521591 0.0102964
0.421591 -0.0897036
0.369432 0.0092668
0.469432 -0.0907332
0.322489 -0.0816599
0.422489 -0.18166
0.48024 -0.163494
0.38024 -0.263494
0.532216 -0.147145
0.432216 -0.247145
0.578994 -0.13243
0.478994 -0.0324301
0.421095 -0.119187
0.521095 -0.019187
0.568985 -0.0172683
0.468985 -0.117268
0.412087 -0.0155415
0.512087 0.0844585
0.360878 0.0760126
0.460878 0.176013
0.31479 0.158411
0.41479 0.0584114
0.473311 0.0525702
0.373311 0.15257
0.32598 0.0473132
0.42598 -0.0526868
0.483382 -0.0474181
0.383382 -0.147418
0.535044 -0.0426763
0.435044 0.0573237
0.38154 -0.0384087
0.48154 -0.138409
0.333386 -0.124568
0.433386 -0.0245678
0.333386 -0.124568
0.433386 -0.0245678
0.490047 -0.022111
0.390047 0.077889
0.541042 -0.0198999
0.441042 -0.1199
0.386938 -0.0179099
0.486938 0.0820901
0.496938 -0.10791
0.396938 -0.20791
0.347244 -0.0971189
0.447244 0.00288107
0.30252 0.00259296
0.40252 0.102593
0.462268 0.0923337
0.362268 0.192334
0.316041 0.0831003
0.416041 0.1831
0.426041 0.1731
0.326041 0.2731
0.483437 0.15579
0.383437 0.0557903
0.535093 0.140211
0.435093 0.0402112
0.581584 0.12619
0.481584 0.0261901
0.423426 0.113571
0.523426 0.0135711
0.571083 0.012214
0.471083 0.112214
0.613975 0.0109926
0.513975 -0.0890074
0.652577 0.00989334
0.552577 0.109893
0.48732 0.008904
0.58732 0.108904
0.59732 0.098904
0.49732 -0.001096
0.437588 0.0890136
0.537588 -0.0109864
0.383829 -0.00988776
0.483829 -0.109888
0.535446 -0.098899
0.435446 -0.198899
0.381901 -0.0890091
0.481901 0.0109909
0.291901 -0.179009
0.391901 -0.0790091
0.533711 0.00989182
0.433711 0.109892
0.58034 0.00890264
0.48034 0.108903
0.622306 0.00801238
0.522306 -0.0919876
0.460075 0.00721114
0.560075 0.107211
0.370075 -0.0827889
0.470075 -0.182789
0.523068 -0.16451
0.423068 -0.06451
0.370761 -0.148059
0.470761 -0.248059
0.523685 -0.223253
0.423685 -0.323253
0.371317 -0.200928
0.471317 -0.100928
0.684329 -0.00996996
0.584329 -0.00996996
0.684329 -0.10997
0.515896 -0.098973
0.615896 -0.198973
0.515896 -0.098973
0.615896 0.00102704
0.654306 0.000924332
0.554306 -0.0990757
0.688876 0.000831899
0.588876 0.100832
0.519988 0.000748709
0.619988 0.100749
0.457989 0.0906738
0.557989 0.190674
0.40219 0.171606
0.50219 0.0716065
0.551971 0.0644458
0.451971 -0.0355542
0.596774 0.0580012
0.496774 0.158001
0.637097 0.0522011
0.537097 0.152201
0.673387 0.046981
0.573387 -0.053019
0.706048 0.0422829
0.606048 -0.0577171
0.535444 0.0380546
0.635444 0.138055
0.445444 -0.0519454
0.545444 -0.151945
0.390899 -0.136751
0.490899 -0.0367509
0.390899 -0.136751
0.490899 -0.0367509
0.541809 -0.0330758
0.441809 -0.133076
0.587628 -0.0297682
0.487628 -0.129768
0.628866 -0.0267914
0.528866 -0.126791
0.465979 -0.0241122
0.565979 -0.124112
0.609381 -0.111701
0.509381 -0.011701
0.448443 -0.100531
0.548443 -0.200531
0.558443 -0.0105309
0.458443 0.0894691
0.602599 -0.00947782
0.502599 -0.109478
0.642339 -0.00853004
0.542339 0.09147
0.678105 -0.00767703
0.578105 0.092323
0.510294 -0.00690933
0.610294 0.0930907
0.449265 0.0837816
0.549265 -0.0162184
0.394338 -0.0145966
0.494338 -0.114597
0.344905 -0.103137
0.444905 -0.0031369
0.300414 -0.00282321
0.400414 0.0971768
0.460373 0.0874591
0.360373 -0.0125409
0.514335 0.0787132
0.414335 -0.0212868
0.362902 0.0708419
0.462902 -0.0291581
0.516612 -0.0262423
0.416612 0.0737577
0.564951 -0.0236181
0.464951 -0.123618
0.608456 -0.0212563
0.508456 0.0787437
0.64761 -0.0191306
0.54761 0.0808694
0.482849 -0.0172176
0.582849 0.0827824
0.592849 0.0727824
0.492849 -0.0272176
0.433564 0.0655042
0.533564 -0.0344958
0.380208 -0.0310462
0.480208 0.0689538
0.580208 -0.0310462
0.480208 -0.131046
0.422187 -0.0279416
0.522187 -0.127942
0.569968 -0.115147
0.469968 -0.0151475
0.412971 -0.103633
0.512971 -0.00363271
0.561674 -0.00326944
0.461674 0.0967306
0.405507 -0.00294249
0.505507 -0.102942
0.515507 0.0870575
0.415507 -0.0129425
0.363956 0.0783518
0.463956 -0.0216482
0.517561 -0.0194834
0.417561 -0.119483
0.565804 -0.0175351
0.465804 0.0824649
0.609224 -0.0157816
0.509224 -0.115782
0.448302 -0.0142034
0.548302 0.0857966
0.393471 0.0772169
0.493471 -0.0227831
0.344124 -0.0205048
0.444124 -0.120505
0.299712 -0.108454
0.399712 -0.208454
0.299712 -0.108454
0.399712 -0.00845429
0.459741 -0.00760886
0.359741 0.0923911
0.313767 -0.00684797
0.413767 0.093152
0.47239 0.0838368
0.37239 0.183837
0.525151 0.0754531
0.425151 0.175453
0.372636 0.0679078
0.472636 -0.0320922
0.325372 -0.028883
0.425372 0.071117
0.525372 -0.028883
0.425372 0.071117
0.372835 -0.0259947
0.472835 -0.125995
0.325552 -0.113395
0.425552 -0.213395
0.482996 -0.192056
0.382996 -0.292056
0.334697 -0.17285
0.434697 -0.0728501
0.291227 -0.0655651
0.391227 0.0344349
0.452104 0.0309914
0.352104 -0.0690086
0.306894 0.0278923
0.406894 -0.0721077
0.416894 -0.0621077
0.316894 0.0378923
0.275205 -0.055897
0.375205 -0.155897
0.831579 0.0088707
0.731579 0.0088707
0.831579 -0.0911293
0.648421 0.00798363
0.748421 0.107984
0.773579 0.0971853
0.673579 -0.00281473
0.796221 0.0874667
0.696221 0.187467
0.816599 0.0787201
0.716599 0.17872
0.834939 0.0708481
0.734939 -0.0291519
0.851445 0.0637633
0.751445 0.163763
0.666301 0.0573869
0.766301 -0.0426131
0.589671 -0.0383518
0.689671 -0.138352
0.520704 -0.124517
0.620704 -0.0245166
0.520704 -0.124517
0.620704 -0.0245166
0.458633 -0.0220649
0.558633 0.0779351
0.458633 -0.0220649
0.558633 0.0779351
0.40277 0.0701416
0.50277 0.170142
0.60277 0.0701416
0.50277 0.170142
0.642493 0.0631274
0.542493 0.163127
0.478244 0.0568147
0.578244 -0.0431853
0.420419 -0.0388668
0.520419 -0.138867
0.368377 -0.12498
0.468377 -0.0249801
0.368377 -0.12498
0.468377 -0.0249801
0.32154 -0.0224821
0.42154 0.0775179
0.52154 -0.0224821
0.42154 0.0775179
0.569386 -0.0202339
0.469386 0.0797661
0.412447 -0.0182105
0.512447 -0.118211
0.561202 -0.106389
0.461202 -0.00638946
0.405082 -0.0957505
0.505082 -0.195751
0.515082 -0.00575051
0.415082 0.0942495
0.563574 -0.00517546
0.463574 -0.105175
0.407217 -0.00465791
0.507217 -0.104658
0.317217 -0.0946579
0.417217 0.00534209
0.475495 0.00480788
0.375495 0.104808
0.327945 0.00432709
0.427945 0.104327
0.285151 0.0938944
0.385151 0.193894
0.246636 0.174505
0.346636 0.0745049
0.211972 0.0670544
0.311972 0.167054
0.211972 0.0670544
0.311972 0.167054
0.380775 0.150349
0.280775 0.050349
0.242697 0.135314
0.342697 0.0353141
0.208428 0.0317827
0.308428 0.131783
0.408428 0.0317827
0.308428 0.131783
0.467585 0.0286044
0.367585 0.128604
0.320826 0.025744
0.420826 -0.074256
0.278744 -0.0668304
0.378744 -0.16683
0.240869 -0.150147
0.340869 -0.250147
0.406782 -0.225133
0.306782 -0.125133
0.466104 -0.202619
0.366104 -0.102619
0.519494 -0.182357
0.419494 -0.0823574
0.567544 -0.164122
0.467544 -0.264122
0.41079 -0.14771
0.51079 -0.0477095
0.359711 -0.0429386
0.459711 -0.142939
0.559711 -0.0429386
0.459711 0.0570614
0.60374 -0.0386447
0.50374 0.0613553
0.643366 -0.0347802
0.543366 0.0652198
0.479029 -0.0313022
0.579029 0.0686978
0.621126 0.061828
0.521126 0.161828
0.659014 0.0556452
0.559014 -0.0443548
0.493112 0.0500807
0.593112 0.150081
0.633801 0.135073
0.533801 0.235073
0.670421 0.121565
0.570421 0.0215654
0.503379 0.109409
0.603379 0.00940882
0.413379 0.0194088
0.513379 0.119409
0.562041 0.107468
0.462041 0.00746794
0.605837 0.0967211
0.505837 0.196721
0.445253 0.087049
0.545253 -0.012951
0.390728 -0.0116559
0.490728 0.0883441
0.390728 -0.0116559
0.490728 -0.111656
0.541655 -0.10049
0.441655 -0.20049
0.38749 -0.0904413
0.48749 0.00955874
0.538741 0.00860287
0.438741 -0.0913971
0.384867 0.00774258
0.484867 -0.0922574
0.294867 -0.0822574
0.394867 0.0177426
0.25538 0.0159683
0.35538 0.115968
0.419842 0.104371
0.319842 0.00437149
0.899999 0.00112637
0.799999 0.00112637
0.899999 0.101126
0.909999 0.00101373
0.809999 -0.0989863
0.918999 0.000912361
0.818999 0.100912
0.727099 0.000821125
0.827099 -0.0991789
0.844389 -0.089261
0.744389 -0.189261
0.859951 -0.0803349
0.759951 -0.180335
0.873955 -0.0723014
0.773955 0.0276986
0.88656 -0.0650713
0.78656 -0.165071
0.897904 -0.0585641
0.797904 -0.158564
0.708114 -0.0527077
0.808114 -0.152708
0.818114 -0.142708
0.718114 -0.0427077
0.636302 -0.128437
0.736302 -0.0284369
0.562672 -0.0255933
0.662672 0.0744067
0.696405 0.0669661
0.596405 0.166966
0.726764 0.0602695
0.626764 0.160269
0.554088 0.0542425
0.654088 0.154243
0.488679 0.138818
0.588679 0.238818
0.629811 0.214936
0.529811 0.314936
0.46683 0.193443
0.56683 0.0934428
0.610147 0.0840985
0.510147 -0.0159015
0.449132 0.0756887
0.549132 0.175689
0.359132 -0.0143113
0.459132 0.0856887
0.594219 0.15812
0.494219 0.25812
0.634797 0.142308
0.534797 0.0423078
0.471317 0.128077
0.571317 0.028077
0.614186 0.0252693
0.514186 -0.0747307
0.652767 0.0227424
0.552767 0.122742
0.48749 0.0204682
0.58749 -0.0795318
0.428741 -0.0715787
0.528741 0.0284213
0.428741 -0.0715787
0.528741 -0.171579
0.375867 -0.154421
0.475867 -0.0544208
0.375867 -0.154421
0.475867 -0.254421
0.328281 -0.228979
0.428281 -0.128979
0.528281 -0.228979
0.428281 -0.128979
0.375452 -0.206081
0.475452 -0.306081
0.285452 -0.116081
0.385452 -0.0160808
0.246907 -0.0144728
0.346907 0.0855272
0.412217 0.0769745
0.312217 0.176975
0.470995 0.0692771
0.370995 0.169277
0.523895 0.0623494
0.423895 0.162349
0.571506 0.0561144
0.471506 0.156114
0.614355 0.050503
0.514355 0.150503
0.65292 0.0454527
0.55292 -0.0545473
0.687628 0.0409074
0.587628 -0.0590926
0.518865 0.0368167
0.618865 -0.0631833
0.656978 -0.056865
0.556978 0.043135
0.691281 -0.0511785
0.591281 -0.151178
0.522153 -0.0460606
0.622153 -0.146061
0.632153 -0.136061
0.532153 -0.0360606
0.668937 -0.122455
0.568937 -0.0224546
0.502044 -0.110209
0.602044 -0.210209
0.412044 -0.0202091
0.512044 0.0797909
0.360839 0.0718118
0.460839 -0.0281882
0.360839 0.0718118
0.460839 0.171812
0.314755 0.154631
0.414755 0.254631
0.27328 0.229168
0.37328 0.329168
0.27328 0.229168
0.37328 0.129168
0.435952 0.116251
0.335952 0.0162508
0.492357 0.104626
0.392357 0.204626
0.543121 0.0941631
0.443121 0.194163
0.388809 0.0847468
0.488809 0.184747
0.498809 0.174747
0.398809 0.0747468
0.348928 0.157272
0.448928 0.257272
0.458928 0.0672721
0.358928 0.167272
0.89948 -0.0245993
0.79948 -0.0245993
0.89948 -0.124599
0.709532 -0.112139
0.809532 -0.0121394
0.828579 -0.0109255
0.728579 0.0890745
0.645721 -0.00983291
0.745721 -0.109833
0.771149 -0.0988496
0.671149 -0.19885
0.794034 -0.0889647
0.694034 -0.188965
0.81463 -0.0800682
0.71463 -0.180068
0.633167 -0.0720614
0.733167 0.0279386
0.759851 0.0251448
0.659851 -0.0748552
0.583866 0.0226303
0.683866 -0.0773697
0.693866 -0.0673697
0.593866 -0.16737
0.724479 -0.0606327
0.624479 0.0393673
0.552031 -0.0545695
0.652031 -0.154569
0.462031 0.0354305
0.562031 0.135431
0.405828 0.121887
0.505828 0.0218875
0.405828 0.121887
0.505828 0.0218875
0.355245 0.0196987
0.455245 -0.0803013
0.555245 0.0196987
0.455245 0.119699
0.399721 0.0177289
0.499721 0.117729
0.349749 0.105956
0.449749 0.00595597
0.504774 0.00536038
0.404774 0.10536
0.554296 0.00482434
0.454296 -0.0951757
0.398867 0.0043419
0.498867 -0.0956581
0.34898 -0.0860923
0.44898 0.0139077
0.34898 -0.0860923
0.44898 0.0139077
0.504082 0.0125169
0.404082 -0.0874831
0.353674 0.0112652
0.453674 0.111265
0.263674 -0.0787348
0.363674 -0.178735
0.508306 0.100139
0.408306 0.000138724
0.357476 0.0901249
0.457476 0.190125
0.467476 0.000124851
0.367476 -0.0998751
0.520728 0.000112366
0.420728 -0.0998876
0.568655 0.000101129
0.468655 -0.0998989
0.41179 9.10165e-05
0.51179 -0.099909
0.560611 -0.0899181
0.460611 -0.189918
0.40455 -0.0809263
0.50455 0.0190737
0.354095 0.0171664
0.454095 -0.0828336
0.354095 0.0171664
0.454095 0.117166
0.508685 0.10545
0.408685 0.20545
0.557817 0.0949047
0.457817 0.194905
0.602035 0.0854143
0.502035 0.185414
0.641832 0.0768728
0.541832 -0.0231272
0.677648 0.0691856
0.577648 0.169186
0.709884 0.062267
0.609884 0.162267
0.538895 0.0560403
0.638895 -0.0439597
0.675006 -0.0395637
0.575006 -0.139564
0.507505 -0.0356074
0.607505 -0.135607
0.646755 -0.122047
0.546755 -0.0220466
0.682079 -0.109842
0.582079 -0.00984196
0.513871 -0.0988578
0.613871 0.00114224
0.623871 -0.00885776
0.523871 0.0911422
0.661484 -0.00797199
0.561484 -0.107972
0.695336 -0.00717479
0.595336 -0.107175
0.725802 -0.00645731
0.625802 -0.106457
0.753222 -0.00581158
0.653222 -0.105812
0.5779 -0.00523042
0.6779 -0.10523
0.51011 -0.0947074
0.61011 0.00529262
0.71011 -0.0947074
0.61011 0.00529262
0.739099 -0.0852366
0.639099 0.0147634
0.565189 -0.076713
0.665189 -0.176713
0.49867 -0.159042
0.59867 -0.259042
0.49867 -0.159042
0.59867 -0.0590417
0.438803 -0.0531375
0.538803 0.0468625
0.899998 0.00142557
0.799998 0.00142557
0.899998 -0.0985744
0.909998 0.00128301
0.809998 -0.098717
0.718998 0.00115471
0.818998 0.101155
0.837098 0.0910392
0.737098 0.191039
0.653389 0.0819353
0.753389 0.181935
0.763389 0.171935
0.663389 0.271935
0.78705 0.154742
0.68705 0.254742
0.608345 0.139268
0.708345 0.0392676
0.73751 0.0353408
0.63751 0.135341
0.763759 0.0318068
0.663759 0.131807
0.787383 0.0286261
0.687383 0.128626
0.808645 0.0257635
0.708645 -0.0742365
0.82778 0.0231871
0.72778 -0.0768129
0.845002 0.0208684
0.745002 0.120868
0.860502 0.0187816
0.760502 0.118782
0.874452 0.0169034
0.774452 -0.0830966
0.687007 0.0152131
0.787007 0.115213
0.797007 -0.0747869
0.697007 -0.174787
0.617306 -0.0673082
0.717306 0.0326918
0.727306 -0.157308
0.627306 -0.257308
0.554575 -0.141577
0.654575 -0.241577
0.489118 -0.21742
0.589118 -0.11742
0.689118 -0.21742
0.589118 -0.31742
0.720206 -0.195678
0.620206 -0.0956777
0.748186 -0.17611
0.648186 -0.0761099
0.573367 -0.158499
0.673367 -0.0584989
0.50603 -0.052649
0.60603 0.047351
0.645427 0.0426159
0.545427 -0.0573841
0.480885 0.0383543
0.580885 -0.0616457
0.590885 -0.0516457
0.490885 -0.151646
0.431796 -0.0464812
0.531796 0.0535188
0.378616 0.048167
0.478616 -0.051833
0.578616 0.048167
0.478616 -0.051833
0.620755 0.0433503
0.520755 0.14335
0.658679 0.0390152
0.558679 0.139015
0.692811 0.0351137
0.592811 0.135114
0.72353 0.0316023
0.62353 0.131602
0.551177 0.0284421
0.651177 -0.0715579
0.461177 0.118442
0.561177 0.218442
0.60506 0.196598
0.50506 0.0965979
0.444554 0.176938
0.544554 0.276938
0.354554 0.0869381
0.454554 -0.0130619
0.309098 -0.0117557
0.409098 0.0882443
0.509098 -0.0117557
0.409098 -0.111756
0.558188 -0.0105801
0.458188 -0.11058
0.60237 -0.00952212
0.50237 0.0904779
0.442133 -0.00856991
0.542133 0.0914301
0.352133 0.0814301
0.452133 -0.0185699
0.506919 -0.0167129
0.406919 0.0832871
0.356227 -0.0150416
0.456227 -0.115042
0.310605 -0.103537
0.410605 -0.203537
0.269544 -0.183184
0.369544 -0.0831837
0.269544 -0.183184
0.369544 -0.0831837
0.43259 -0.0748653
0.33259 0.0251347
0.289331 -0.0673788
0.389331 -0.167379
0.199331 0.0226212
0.299331 -0.0773788
0.250398 -0.150641
0.350398 -0.250641
0.169398 -0.0696409
0.269398 0.0303591
0.342458 0.0273232
0.242458 0.127323
0.408212 0.0245908
0.308212 -0.0754092
0.467391 0.0221318
0.367391 0.122132
0.520652 0.0199186
0.420652 0.119919
0.368587 0.0179267
0.468587 -0.0820733
0.899944 0.00645468
0.999944 0.00645468
0.899944 0.106455
0.799949 0.00580922
0.899949 -0.0941908
0.709954 -0.0847717
0.809954 0.0152283
0.628959 0.0137055
0.728959 0.113705
0.756063 0.102335
0.656063 0.00233492
0.780457 0.0921014
0.680457 -0.00789857
0.602411 0.0828913
0.702411 -0.0171087
0.73217 -0.0153978
0.63217 0.0846022
0.758953 -0.0138581
0.658953 -0.113858
0.583058 -0.0124723
0.683058 -0.112472
0.514752 -0.101225
0.614752 -0.00122503
0.653277 -0.00110253
0.553277 -0.101103
0.687949 -0.000992273
0.587949 0.0990077
0.719154 -0.000893046
0.619154 -0.100893
0.547239 -0.000803741
0.647239 -0.100804
0.657239 -0.0908037
0.557239 -0.190804
0.491515 -0.0817234
0.591515 -0.181723
0.601515 -0.171723
0.501515 -0.0717234
0.641363 -0.154551
0.541363 -0.254551
0.677227 -0.139096
0.577227 -0.239096
0.709504 -0.125186
0.609504 -0.0251863
0.738554 -0.112668
0.638554 -0.212668
0.764698 -0.101401
0.664698 -0.201401
0.588229 -0.0912608
0.688229 -0.191261
0.498229 -0.181261
0.598229 -0.0812608
0.638406 -0.0731348
0.538406 0.0268652
0.384565 0.0241787
0.484565 -0.0758213
0.384565 0.0241787
0.484565 -0.0758213
0.536109 -0.0682392
0.436109 0.0317608
0.292498 0.0285848
0.392498 -0.0714152
0.492498 0.0285848
0.392498 0.128585
0.253248 0.115726
0.353248 0.215726
0.217923 0.194154
0.317923 0.0941537
0.417923 0.194154
0.317923 0.0941537
0.476131 0.174738
0.376131 0.0747383
0.328518 0.157264
0.428518 0.0572645
0.438518 0.0672645
0.338518 -0.0327355
0.294666 0.060538
0.394666 0.160538
0.255199 0.144484
0.355199 0.0444842
0.255199 0.144484
0.355199 0.244484
0.419679 0.220036
0.319679 0.320036
0.277712 0.198032
0.377712 0.298032
0.187712 0.288032
0.287712 0.188032
0.15894 0.169229
0.25894 0.269229
0.35894 0.169229
0.25894 0.069229
0.423046 0.152306
0.323046 0.0523061
0.280742 0.137075
0.380742 0.237075
0.390742 0.0470755
0.290742 -0.0529245
0.251668 0.0423679
0.351668 0.142368
0.161668 -0.0476321
0.261668 0.0523679
0.416501 0.128131
0.316501 0.228131
0.474851 0.115318
0.374851 0.015318
0.327366 0.103786
0.427366 0.00378623
0.284629 0.0034076
0.384629 0.103408
0.284629 0.0034076
0.384629 0.103408
0.446166 0.0930668
0.346166 0.193067
0.30155 0.0837602
0.40155 -0.0162398
0.261395 -0.0146159
0.361395 0.0853841
0.261395 -0.0146159
0.361395 0.0853841
0.225255 0.0768457
0.325255 -0.0231543
0.19273 -0.0208388
0.29273 -0.120839
0.163457 -0.108755
0.263457 -0.208755
0.337111 -0.187879
0.237111 -0.0878795
0.4034 -0.169092
0.3034 -0.0690915
0.26306 -0.152182
0.36306 -0.0521824
0.37306 -0.0621824
0.27306 0.0378176
0.235754 -0.0559641
0.335754 0.0440359
0.145754 0.0340359
0.245754 0.134036
0.202179 0.0396323
0.302179 -0.0603677
0.371961 -0.0543309
0.271961 -0.154331
0.234765 -0.0488979
0.334765 0.0511021
0.144765 -0.138898
0.244765 -0.0388979
0.401288 0.0459919
0.301288 0.145992
0.261159 0.0413927
0.361159 0.141393
0.371159 0.131393
0.271159 0.0313927
0.234043 0.118253
0.334043 0.0182535
0.400639 0.0164281
0.300639 -0.0835719
0.460575 0.0147853
0.360575 -0.0852147
0.314518 0.0133068
0.414518 -0.0866932
0.473066 -0.0780239
0.373066 0.0219761
0.325759 -0.0702215
0.425759 -0.170222
0.899533 -0.0168303
0.799533 -0.0168303
0.899533 -0.11683
0.70958 -0.105147
0.80958 -0.205147
0.70958 -0.105147
0.80958 -0.00514729
0.828622 -0.00463256
0.728622 -0.104633
0.64576 -0.00416931
0.74576 -0.104169
0.75576 -0.0941693
0.65576 0.00583069
0.780184 -0.0847524
0.680184 0.0152476
0.802165 -0.0762771
0.702165 0.0237229
0.821949 -0.0686494
0.721949 -0.168649
0.839754 -0.0617845
0.739754 0.0382155
0.855779 -0.055606
0.755779 -0.155606
0.670201 -0.0500454
0.770201 0.0499546
0.793181 0.0449591
0.693181 0.144959
0.813863 0.0404632
0.713863 0.140463
0.632476 0.0364169
0.732476 -0.0635831
0.742476 0.126417
0.642476 0.0264169
0.768229 0.113775
0.668229 0.0137752
0.591406 0.102398
0.691406 0.00239767
0.522265 0.00215791
0.622265 0.102158
0.722265 0.00215791
0.622265 -0.0978421
0.550039 0.00194212
0.650039 0.101942
0.460039 -0.0880579
0.560039 -0.188058
0.485035 0.0917479
0.585035 -0.0082521
0.426531 -0.00742689
0.526531 -0.107427
0.573878 -0.0966842
0.473878 0.0033158
0.41649 -0.0870158
0.51649 0.0129842
0.564841 0.0116858
0.464841 0.111686
0.608357 0.0105172
0.508357 0.110517
0.647522 0.0094655
0.547522 -0.0905345
0.682769 0.00851895
0.582769 0.108519
0.714492 0.00766705
0.614492 0.107667
0.743043 0.00690035
0.643043 0.1069
0.768739 0.00621031
0.668739 0.10621
0.591865 0.00558928
0.691865 -0.0944107
0.522678 -0.0849696
0.622678 0.0150304
0.522678 -0.0849696
0.622678 -0.18497
0.660411 -0.166473
0.560411 -0.266473
0.69437 -0.149825
0.59437 -0.249825
0.524933 -0.134843
0.624933 -0.0348429
0.462439 -0.0313586
0.562439 0.0686414
0.406195 0.0617773
0.506195 0.161777
0.355576 0.1456
0.455576 0.0455995
0.355576 0.1456
0.455576 0.2456
0.310018 0.0410396
0.410018 -0.0589604
0.469016 -0.0530644
0.369016 0.0469356
0.322115 -0.0477579
0.422115 0.0522421
0.279903 0.0470179
0.379903 -0.0529821
0.241913 -0.0476839
0.341913 -0.147684
0.241913 -0.0476839
0.341913 -0.147684
0.407722 -0.132916
0.307722 -0.0329155
0.26695 -0.119624
0.36695 -0.019624
0.430255 -0.0176616
0.330255 -0.117662
0.487229 -0.0158954
0.387229 0.0841046
0.538506 -0.0143059
0.438506 -0.114306
0.384656 -0.0128753
0.484656 -0.112875
0.294656 -0.102875
0.394656 -0.202875
0.53619 -0.101588
0.43619 -0.00158776
0.582571 -0.091429
0.482571 0.00857101
0.424314 -0.0822861
0.524314 0.0177139
0.371883 0.0159425
0.471883 0.115943
0.324694 0.104348
0.424694 0.00434827
0.524694 0.104348
0.424694 0.00434827
0.372225 0.0939134
0.472225 -0.00608656
0.89992 0.0063589
0.99992 0.0063589
0.89992 -0.0936411
0.999928 0.00572301
0.899928 0.105723
0.999936 0.00515071
0.899936 0.105151
0.799942 0.00463564
0.899942 0.104636
0.709942 0.0946356
0.809942 -0.00536436
0.828948 -0.00482793
0.728948 0.0951721
0.846053 -0.00434514
0.746053 0.0956549
0.861448 -0.00391062
0.761448 0.0960894
0.675303 -0.00351956
0.775303 0.0964804
0.785303 0.0864804
0.685303 -0.0135196
0.806773 0.0778324
0.706773 0.177832
0.826095 0.0700492
0.726095 -0.0299508
0.643486 0.0630442
0.743486 -0.0369558
0.769137 -0.0332602
0.669137 0.0667398
0.592224 -0.0299342
0.692224 -0.129934
0.723001 -0.116941
0.623001 -0.216941
0.550701 -0.105247
0.650701 -0.00524667
0.660701 -0.195247
0.560701 -0.0952467
0.494631 -0.175722
0.594631 -0.075722
0.635168 -0.0681498
0.535168 0.0318502
0.471651 -0.0613348
0.571651 -0.161335
0.581651 0.0286652
0.481651 0.128665
0.623486 0.0257987
0.523486 -0.0742013
0.661137 0.0232188
0.561137 -0.0767812
0.495024 0.0208969
0.595024 0.120897
0.435521 0.108807
0.535521 0.00880722
0.435521 0.108807
0.535521 0.208807
0.381969 0.187926
0.481969 0.0879265
0.533772 0.0791338
0.433772 0.179134
0.380395 0.0712205
0.480395 -0.0287795
0.532356 -0.0259016
0.432356 -0.125902
0.57912 -0.0233114
0.47912 -0.123311
0.421208 -0.0209803
0.521208 -0.12098
0.569087 -0.108882
0.469087 -0.208882
0.612178 -0.097994
0.512178 0.00200597
0.650961 -0.0881946
0.550961 0.0118054
0.485865 -0.0793752
0.585865 -0.179375
0.595865 0.0106248
0.495865 0.110625
0.636278 0.00956235
0.536278 0.109562
0.67265 0.00860612
0.57265 -0.0913939
0.705385 0.00774551
0.605385 -0.0922545
0.734847 0.00697096
0.634847 -0.093029
0.761362 0.00627386
0.661362 -0.0937261
0.585226 0.00564647
0.685226 -0.0943535
0.495226 -0.0843535
0.595226 0.0156465
0.635703 0.0140818
0.535703 -0.0859182
0.672133 0.0126736
0.572133 0.112674
0.50492 0.0114063
0.60492 -0.0885937
0.41492 0.101406
0.51492 0.201406
0.563428 0.181266
0.463428 0.281266
0.607085 0.163139
0.507085 0.263139
0.646376 0.146825
0.546376 0.246825
0.681739 0.132143
0.581739 0.232143
0.513565 0.118928
0.613565 0.218928
0.623565 0.208928
0.523565 0.308928
0.661208 0.188036
0.561208 0.288036
0.495088 0.169232
0.595088 0.269232
0.405088 0.259232
0.505088 0.359232
0.435579 0.242309
0.535579 0.142309
0.582021 0.128078
0.482021 0.228078
0.423819 0.11527
0.523819 0.0152701
