0 0.9
-0.1 0.9
0 0.8
0.1 0.81
0 0.71
-0.01 0.729
0.09 0.829
0.181 0.7461
0.081 0.6461
-0.019 0.7461
0.081 0.6461
0.0829 0.67149
-0.0171 0.57149
0.1729 0.58149
0.0729 0.68149
-0.03439 0.613341
0.06561 0.713341
-0.040951 0.642007
0.059049 0.742007
0.153144 0.667806
0.0531441 0.567806
-0.0468559 0.667806
0.0531441 0.567806
0.0578297 0.601026
-0.0421703 0.701026
0.0620467 0.630923
-0.0379533 0.530923
0.0620467 0.630923
-0.0379533 0.730923
-0.134158 0.657831
-0.034158 0.557831
-0.220742 0.592048
-0.120742 0.492048
-0.298668 0.532843
-0.198668 0.432843
-0.168801 0.479559
-0.268801 0.379559
-0.051921 0.431603
-0.151921 0.531603
-0.236729 0.478442
-0.136729 0.578442
-0.223056 0.520598
-0.123056 0.420598
-0.223056 0.520598
-0.123056 0.420598
-0.21075 0.378538
-0.11075 0.478538
-0.199675 0.430685
-0.0996754 0.530685
-0.189708 0.477616
-0.0897079 0.377616
0.0102921 0.477616
-0.0897079 0.577616
0.0192629 0.519854
-0.0807371 0.619854
0.0273366 0.557869
-0.0726634 0.657869
-0.165397 0.592082
-0.065397 0.692082
0.0411427 0.622874
-0.0588573 0.722874
0.0470284 0.650587
-0.0529716 0.750587
-0.147674 0.675528
-0.0476744 0.775528
-0.142907 0.697975
-0.042907 0.797975
-0.138616 0.718178
-0.0386163 0.818178
-0.134755 0.73636
-0.0347547 0.83636
0.0687208 0.752724
-0.0312792 0.852724
0.0718487 0.767451
-0.0281513 0.667451
-0.0353361 0.690706
0.0646639 0.590706
0.0746639 0.600706
-0.0253361 0.500706
-0.0328025 0.540636
0.0671975 0.640636
-0.0395223 0.576572
0.0604777 0.476572
0.160478 0.576572
0.0604777 0.676572
0.15443 0.608915
0.0544299 0.708915
-0.051013 0.638023
0.048987 0.538023
0.148987 0.638023
0.048987 0.538023
0.234088 0.574221
0.134088 0.474221
0.310679 0.516799
0.210679 0.616799
0.0896115 0.555119
0.189611 0.455119
0.289611 0.555119
0.189611 0.655119
0.27065 0.589607
0.17065 0.689607
0.0535853 0.620646
0.153585 0.520646
0.0535853 0.620646
0.153585 0.520646
0.0382268 0.468582
0.138227 0.568582
0.0244041 0.511724
0.124404 0.411724
0.121964 0.460551
0.0219637 0.560551
-0.0802327 0.504496
0.0197673 0.404496
-0.172209 0.454047
-0.0722094 0.554047
0.0350115 0.498642
-0.0649885 0.598642
0.0415104 0.538778
-0.0584896 0.438778
