0 0.9
-0.1 0.9
0 1
0.1 0.9
0 1
0.1 0.9
0 1
0.1 0.9
0 1
-0.1 0.9
0 0.8
-0.19 0.81
-0.09 0.91
-0.181 0.819
-0.081 0.919
-0.1729 0.8271
-0.0729 0.7271
-0.1729 0.8271
-0.0729 0.7271
0.03439 0.65439
-0.06561 0.75439
0.040951 0.678951
-0.059049 0.578951
-0.0631441 0.611056
0.0368559 0.511056
-0.153144 0.521056
-0.0531441 0.621056
0.0521703 0.55895
-0.0478297 0.65895
-0.143047 0.593055
-0.0430467 0.493055
0.0569533 0.593055
-0.0430467 0.693055
0.061258 0.62375
-0.038742 0.52375
0.155132 0.561375
0.0551322 0.661375
0.149619 0.595237
0.0496189 0.695237
0.144657 0.625714
0.044657 0.725714
0.140191 0.653142
0.0401913 0.753142
-0.0638278 0.677828
0.0361722 0.577828
0.136172 0.677828
0.0361722 0.577828
0.222555 0.610045
0.122555 0.710045
0.0102995 0.639041
0.110299 0.539041
0.0102995 0.639041
0.110299 0.739041
-0.000730461 0.665137
0.0992695 0.765137
-0.0106574 0.688623
0.0893426 0.788623
-0.0195917 0.709761
0.0804083 0.809761
0.172367 0.728785
0.0723675 0.828785
0.165131 0.745906
0.0651307 0.645906
0.165131 0.745906
0.0651307 0.845906
-0.0413823 0.761316
0.0586177 0.661316
0.0627559 0.685184
-0.0372441 0.785184
0.0664803 0.706666
-0.0335197 0.806666
-0.130168 0.725999
-0.0301677 0.825999
0.0728491 0.743399
-0.0271509 0.643399
-0.127151 0.743399
-0.0271509 0.843399
0.0755641 0.759059
-0.0244359 0.659059
0.0755641 0.759059
-0.0244359 0.659059
-0.121992 0.593153
-0.0219923 0.693153
-0.119793 0.623838
-0.019793 0.523838
-0.207814 0.561454
-0.107814 0.661454
0.00296764 0.595309
-0.0970324 0.495309
-0.197032 0.595309
-0.0970324 0.495309
0.0126709 0.445778
-0.0873291 0.545778
-0.178596 0.4912
-0.0785962 0.5912
0.0292634 0.53208
-0.0707366 0.63208
0.0363371 0.568872
-0.0636629 0.668872
0.0427034 0.601985
-0.0572966 0.501985
0.138433 0.541786
0.038433 0.441786
0.0245897 0.487608
0.12459 0.587608
