0.9 0
1 0
0.9 -0.1
0.8 0
0.9 -0.1
0.91 -0.09
0.81 0.01
0.919 -0.081
0.819 -0.181
0.9271 -0.0729
0.8271 0.0271
0.73439 -0.06561
0.83439 -0.16561
0.850951 -0.149049
0.750951 -0.049049
0.665856 -0.134144
0.765856 -0.234144
0.78927 -0.21073
0.68927 -0.11073
0.610343 -0.189657
0.710343 -0.289657
0.539309 -0.260691
0.639309 -0.160691
0.475378 -0.144622
0.575378 -0.0446219
0.41784 -0.0401597
0.51784 -0.14016
0.566056 -0.126144
0.466056 -0.0261438
0.409451 -0.113529
0.509451 -0.0135294
0.558506 -0.0121765
0.458506 -0.112176
0.602655 -0.0109588
0.502655 0.0890412
0.642389 -0.00986293
0.542389 0.0901371
0.478151 -0.00887664
0.578151 0.0911234
0.420335 0.082011
0.520335 0.182011
0.368302 0.16381
0.468302 0.0638099
0.321472 0.0574289
0.421472 -0.0425711
0.279325 -0.038314
0.379325 -0.138314
0.441392 -0.124483
0.341392 -0.0244826
0.297253 -0.112034
0.397253 -0.0120343
0.257528 -0.0108309
0.357528 -0.110831
0.221775 -0.0997478
0.321775 0.00025221
0.189597 0.000226989
0.289597 0.100227
0.360638 0.0902043
0.260638 -0.00979571
0.224574 0.0811839
0.324574 0.181184
0.192116 0.163065
0.292116 0.0630655
0.362905 0.0567589
0.262905 -0.0432411
0.226614 0.051083
0.326614 0.151083
0.193953 0.135975
0.293953 0.235975
0.164558 0.212377
0.264558 0.112377
0.338102 0.10114
0.238102 0.00113953
0.404292 0.0910256
0.304292 -0.00897442
0.463863 0.081923
0.363863 -0.018077
0.317476 0.0737307
0.417476 0.173731
0.475729 0.156358
0.375729 0.256358
0.528156 0.140722
0.428156 0.240722
0.37534 0.12665
0.47534 0.22665
0.527806 0.203985
0.427806 0.103985
0.575026 0.183586
0.475026 0.283586
0.417523 0.165228
0.517523 0.0652276
0.565771 0.0587049
0.465771 0.158705
0.409194 0.0528344
0.509194 0.152834
0.358274 0.137551
0.458274 0.237551
0.512447 0.213796
0.412447 0.313796
0.361202 0.192416
0.461202 0.0924163
0.515082 0.0831746
0.415082 -0.0168254
0.563574 0.0748572
0.463574 -0.0251428
0.607216 0.0673715
0.507216 -0.0326285
0.646495 0.0606343
0.546495 0.160634
0.681845 0.0545709
0.581845 -0.0454291
0.513661 0.0491138
0.613661 -0.0508862
0.652295 -0.0457976
0.552295 0.0542024
0.687065 -0.0412178
0.587065 -0.141218
0.718359 -0.037096
0.618359 0.062904
0.546523 -0.0333864
0.646523 0.0666136
0.681871 0.0599522
0.581871 0.159952
0.513683 0.053957
0.613683 -0.046043
0.652315 -0.0414387
0.552315 -0.141439
0.487084 -0.0372948
0.587084 -0.137295
0.628375 -0.123565
0.528375 -0.223565
0.665538 -0.111209
0.565538 -0.0112088
0.698984 -0.100088
0.598984 -0.200088
0.729086 -0.0900791
0.629086 0.00992085
0.556177 -0.0810712
0.656177 0.0189288
0.144127 -0.0185904
0.0441266 -0.0185904
0.144127 -0.11859
0.229714 -0.106731
0.129714 -0.00673132
0.106743 -0.0960582
0.206743 -0.196058
0.286068 -0.176452
0.186068 -0.0764524
0.157461 -0.158807
0.257461 -0.0588071
0.131715 -0.0529264
0.231715 -0.152926
0.331715 -0.0529264
0.231715 -0.152926
0.398544 -0.0476338
0.298544 -0.147634
0.458689 -0.0428704
0.358689 0.0571296
0.51282 -0.0385834
0.41282 -0.138583
0.561538 -0.034725
0.461538 0.065275
0.405385 -0.0312525
0.505385 0.0687475
0.354846 0.0618727
0.454846 0.161873
0.509362 0.145685
0.409362 0.0456855
0.558425 0.131117
0.458425 0.0311169
0.402583 0.118005
0.502583 0.218005
0.512583 0.0280052
0.412583 0.128005
0.167482 -0.0108927
0.0674825 -0.0108927
0.167482 -0.110893
0.250734 -0.0998034
0.150734 -0.199803
0.325661 -0.0898231
0.225661 -0.189823
0.193095 -0.0808408
0.293095 0.0191592
0.363785 0.0172433
0.263785 -0.0827567
0.427407 0.015519
0.327407 -0.084481
0.484666 0.0139671
0.384666 0.113967
0.336199 0.0125704
0.436199 0.11257
0.29258 0.101313
0.39258 0.201313
0.453322 0.181182
0.353322 0.081182
0.307989 0.163064
0.407989 0.263064
0.217989 0.0730638
0.317989 0.173064
0.46719 0.236757
0.36719 0.136757
0.520471 0.213082
0.420471 0.113082
0.368424 0.191774
0.468424 0.291774
0.478424 0.101774
0.378424 0.201774
0.330582 0.0915962
0.430582 -0.00840384
0.487524 -0.00756346
0.387524 -0.107563
0.538771 -0.00680711
0.438771 -0.106807
0.194577 -0.0291715
0.0945773 -0.0291715
0.194577 0.0708285
0.27512 -0.0262543
0.17512 -0.126254
0.347608 -0.0236289
0.247608 -0.123629
0.212847 -0.021266
0.312847 0.078734
0.322847 -0.111266
0.222847 -0.011266
0.390562 -0.100139
0.290562 -0.200139
0.451506 -0.0901255
0.351506 -0.190125
0.506355 -0.0811129
0.406355 -0.181113
0.35572 -0.0730016
0.45572 -0.173002
0.310148 -0.155701
0.410148 -0.0557015
0.469133 -0.0501313
0.369133 -0.150131
0.32222 -0.0451182
0.42222 -0.145118
0.23222 -0.135118
0.33222 -0.0351182
0.198998 -0.0316064
0.298998 0.0683936
0.369098 0.0615543
0.269098 0.161554
0.232188 0.0553988
0.332188 -0.0446012
0.398969 -0.040141
0.298969 0.059859
0.259072 -0.0361269
0.359072 0.0638731
0.223165 0.0574858
0.323165 0.157486
0.223165 0.0574858
0.323165 0.157486
0.190849 0.141737
0.290849 0.0417372
0.161764 0.0375635
0.261764 -0.0624365
0.335587 -0.0561929
0.235587 0.0438071
0.402029 -0.0505736
0.302029 0.0494264
0.261826 -0.0455162
0.361826 -0.145516
0.226038 -0.0115882
0.326038 -0.0115882
0.226038 -0.111588
0.193435 -0.0104294
0.293435 -0.110429
0.364091 -0.0993864
0.264091 -0.199386
0.227682 -0.0894478
0.327682 0.0105522
0.194914 0.00949698
0.294914 0.109497
0.165422 0.0985473
0.265422 -0.00145272
0.33888 -0.00130745
0.23888 -0.101307
0.204992 -0.0011767
0.304992 0.0988233
0.374493 0.088941
0.274493 0.188941
0.437044 0.0800469
0.337044 0.180047
0.493339 0.0720422
0.393339 -0.0279578
0.544005 0.064838
0.444005 -0.035162
0.389605 0.0583542
0.489605 -0.0416458
0.340644 -0.0374812
0.440644 -0.137481
0.29658 -0.123733
0.39658 -0.0237331
0.29658 -0.123733
0.39658 -0.0237331
0.256922 -0.0213598
0.356922 0.0786402
0.256922 -0.0213598
0.356922 -0.12136
0.22123 -0.109224
0.32123 -0.209224
0.189107 -0.188301
0.289107 -0.288301
0.389107 -0.188301
0.289107 -0.288301
0.450196 -0.169471
0.350196 -0.0694713
0.305176 -0.152524
0.405176 -0.252524
0.215176 -0.0625242
0.315176 -0.162524
0.264659 -0.227272
0.364659 -0.327272
0.183659 -0.146272
0.283659 -0.0462718
0.355293 -0.0416446
0.255293 -0.141645
0.419764 -0.0374801
0.319764 0.0625199
0.262819 0.0212208
0.362819 0.0212208
0.262819 0.121221
0.226537 0.0190987
0.326537 0.119099
0.193883 0.107189
0.293883 0.00718883
0.364495 0.00646994
0.264495 -0.0935301
0.428045 0.00582295
0.328045 0.105823
0.285241 0.00524065
0.385241 0.105241
0.246717 0.0947166
0.346717 -0.00528341
0.412045 -0.00475507
0.312045 0.0952449
0.270841 -0.00427956
0.370841 -0.10428
0.433756 -0.0938516
0.333756 0.00614839
0.290381 -0.0844664
0.390381 0.0155336
0.451343 0.0139802
0.351343 -0.0860198
0.506208 0.0125822
0.406208 -0.0874178
0.555588 0.011324
0.455588 0.111324
0.600029 0.0101916
0.500029 -0.0898084
0.640026 0.00917241
0.540026 -0.0908276
0.676023 0.00825517
0.576023 -0.0917448
0.708421 0.00742965
0.608421 -0.0925703
0.737579 0.00668669
0.637579 0.106687
0.763821 0.00601802
0.663821 0.106018
0.787439 0.00541622
0.687439 -0.0945838
0.808695 0.00487459
0.708695 -0.0951254
0.827826 0.00438713
0.727826 0.104387
0.306764 0.0158082
0.406764 0.0158082
0.306764 -0.0841918
0.266088 0.0142274
0.366088 -0.0857726
0.176088 -0.0757726
0.276088 -0.175773
0.429479 -0.0771953
0.329479 -0.177195
0.286531 -0.0694758
0.386531 0.0305242
0.247878 0.0274718
0.347878 -0.0725282
0.447878 0.0274718
0.347878 -0.0725282
0.30309 0.0247246
0.40309 -0.0752754
0.21309 -0.0652754
0.31309 0.0347246
0.381781 0.0312521
0.281781 -0.0687479
0.243603 0.0281269
0.343603 -0.0718731
0.353603 -0.0618731
0.253603 -0.161873
0.218243 -0.0556858
0.318243 0.0443142
0.186419 0.0398828
0.286419 -0.0601172
0.386419 0.0398828
0.286419 0.139883
0.247777 0.0358945
0.347777 0.135895
0.212999 0.122305
0.312999 0.222305
0.381699 0.200075
0.281699 0.300075
0.443529 0.180067
0.343529 0.0800671
0.499176 0.16206
0.399176 0.26206
0.349259 0.145854
0.449259 0.0458544
0.304333 0.0412689
0.404333 0.141269
0.304333 0.0412689
0.404333 -0.0587311
0.2639 -0.052858
0.3639 -0.152858
0.22751 -0.137572
0.32751 -0.0375722
0.194759 -0.033815
0.294759 -0.133815
0.194759 -0.033815
0.294759 -0.133815
0.165283 -0.120433
0.265283 -0.0204335
0.338754 -0.0183901
0.238754 -0.11839
0.204879 -0.0165511
0.304879 0.0834489
0.374391 0.075104
0.274391 -0.024896
0.236952 0.0675936
0.336952 -0.0324064
0.346952 -0.0224064
0.246952 0.0775936
0.212257 -0.0201658
0.312257 0.0798342
0.181031 0.0718508
0.281031 0.171851
0.152928 0.154666
0.252928 0.254666
0.127635 0.229199
0.227635 0.329199
0.127635 0.229199
0.227635 0.329199
0.304872 0.296279
0.204872 0.396279
0.174385 0.266651
0.274385 0.166651
0.355542 -0.0192553
0.255542 -0.0192553
0.355542 0.0807447
0.419988 -0.0173298
0.319988 0.0826702
0.477989 -0.0155968
0.377989 -0.115597
0.53019 -0.0140371
0.43019 0.0859629
0.577171 -0.0126334
0.477171 -0.112633
0.619454 -0.0113701
0.519454 -0.11137
0.657509 -0.0102331
0.557509 0.0897669
0.491758 -0.00920976
0.591758 0.0907902
0.601758 0.0807902
0.501758 0.18079
0.641582 0.0727112
0.541582 -0.0272888
0.477424 0.0654401
0.577424 -0.0345599
0.619681 -0.0311039
0.519681 0.0688961
0.457713 -0.0279935
0.557713 -0.127994
0.601942 -0.115194
0.501942 -0.215194
0.441748 -0.103675
0.541748 -0.203675
0.587573 -0.183307
0.487573 -0.0833073
0.428816 -0.164977
0.528816 -0.0649766
0.375934 -0.0584789
0.475934 -0.158479
0.328341 -0.142631
0.428341 -0.042631
0.285507 -0.0383679
0.385507 0.0616321
0.446956 0.0554689
0.346956 -0.0445311
0.30226 0.049922
0.40226 0.149922
0.262034 0.13493
0.362034 0.0349298
0.225831 0.0314368
0.325831 0.131437
0.425831 0.0314368
0.325831 -0.0685632
0.483248 0.0282931
0.383248 0.128293
0.534923 0.0254638
0.434923 0.125464
0.381431 0.0229174
0.481431 0.122917
0.291431 0.112917
0.391431 0.0129174
0.252288 0.0116257
0.352288 -0.0883743
0.417059 -0.0795369
0.317059 0.0204631
0.475353 -0.0715832
0.375353 0.0284168
0.413273 -0.0116417
0.313273 -0.0116417
0.413273 0.0883583
0.271945 -0.0104775
0.371945 -0.110477
0.434751 -0.0994297
0.334751 0.000570252
0.291276 -0.0894868
0.391276 0.0105132
0.452148 0.0094619
0.352148 -0.0905381
0.506933 0.00851571
0.406933 0.108516
0.55624 0.00766414
0.45624 -0.0923359
0.400616 0.00689773
0.500616 0.106898
0.550554 0.096208
0.450554 0.196208
0.395499 0.0865872
0.495499 -0.0134128
0.345949 -0.0120716
0.445949 -0.112072
0.501354 -0.100864
0.401354 -0.000864401
0.551219 -0.090778
0.451219 -0.190778
0.596097 -0.0817002
0.496097 0.0182998
0.636487 -0.0735301
0.536487 0.0264699
0.472838 -0.0661771
0.572838 0.0338229
0.615555 0.0304406
0.515555 0.130441
0.453999 0.0273965
0.553999 -0.0726035
0.598599 -0.0653431
0.498599 0.0346569
0.638739 -0.0588088
0.538739 -0.158809
0.674865 -0.0529279
0.574865 0.0470721
0.507379 -0.0476351
0.607379 0.0523649
0.646641 0.0471284
0.546641 -0.0528716
0.481977 0.0424155
0.581977 -0.0575845
0.623779 -0.051826
0.523779 -0.151826
0.461401 -0.0466434
0.561401 -0.146643
0.571401 -0.136643
0.471401 -0.236643
0.614261 -0.122979
0.514261 -0.222979
0.452835 -0.110681
0.552835 -0.210681
0.362835 -0.200681
0.462835 -0.300681
0.397552 -0.189613
0.497552 -0.289613
0.516552 -0.270613
0.416552 -0.170613
0.364896 -0.243552
0.464896 -0.143552
0.518407 -0.129197
0.418407 -0.229197
0.479905 0.0305697
0.379905 0.0305697
0.479905 0.13057
0.331914 0.117513
0.431914 0.217513
0.288723 0.195761
0.388723 0.295761
0.288723 0.195761
0.388723 0.0957614
0.44985 0.0861853
0.34985 0.186185
0.304865 0.0775668
0.404865 -0.0224332
0.264379 -0.0201899
0.364379 -0.12019
0.427941 -0.108171
0.327941 -0.00817093
0.485147 -0.0973538
0.385147 0.00264616
0.336632 -0.0876185
0.436632 -0.187618
0.492969 -0.168857
0.392969 -0.0688566
0.543672 -0.151971
0.443672 -0.0519709
0.389305 -0.136774
0.489305 -0.236774
0.499305 -0.0467739
0.399305 0.0532261
0.549374 -0.0420965
0.449374 -0.142096
0.394437 -0.0378868
0.494437 -0.137887
0.504437 -0.127887
0.404437 -0.0278868
0.553993 -0.115098
0.453993 -0.215098
0.398594 -0.103588
0.498594 -0.00358832
0.548735 -0.00322949
0.448735 0.0967705
0.593861 -0.00290654
0.493861 -0.102907
0.434475 -0.00261589
0.534475 -0.102616
0.344475 -0.0926159
0.444475 -0.192616
0.381027 -0.0923543
0.481027 -0.192354
0.300027 -0.173354
0.400027 -0.273354
0.332925 -0.173119
0.432925 -0.273119
0.460025 -0.246019
0.360025 -0.146019
0.514022 -0.221417
0.414022 -0.321417
0.36262 -0.199275
0.46262 -0.0992753
0.316358 -0.0893478
0.416358 0.0106522
0.474722 0.00958702
0.374722 -0.090413
0.32725 0.00862832
0.42725 -0.0913717
0.23725 -0.0813717
0.33725 -0.181372
0.484525 -0.0822345
0.384525 0.0177655
0.336072 -0.0740111
0.436072 -0.174011
0.246072 0.0159889
0.346072 0.115989
0.411465 0.10439
0.311465 0.20439
0.270319 0.093951
0.370319 -0.00604896
0.380319 0.183951
0.280319 0.083951
0.442287 0.165556
0.342287 0.0655559
0.298058 0.149
0.398058 0.249
0.258252 0.2241
0.358252 0.1241
0.258252 0.2241
0.358252 0.1241
0.222427 0.11169
0.322427 0.21169
0.190184 0.190521
0.290184 0.0905212
0.190184 0.190521
0.290184 0.290521
0.361166 0.261469
0.261166 0.161469
0.225049 0.235322
0.325049 0.335322
0.392544 0.30179
0.292544 0.40179
0.557333 0.0186013
0.657333 0.0186013
0.557333 -0.0813987
0.6916 0.0167412
0.5916 0.116741
0.72244 0.0150671
0.62244 0.115067
0.750196 0.0135603
0.650196 -0.0864397
0.775176 0.0122043
0.675176 -0.0877957
0.597659 0.0109839
0.697659 -0.0890161
0.707659 -0.0790161
0.607659 -0.179016
0.536893 -0.0711145
0.636893 0.0288855
0.673203 0.0259969
0.573203 -0.0740031
0.705883 0.0233973
0.605883 -0.0766027
0.535295 0.0210575
0.635295 0.121058
0.671765 0.108952
0.571765 0.208952
0.704589 0.0980566
0.604589 -0.0019434
0.53413 0.0882509
0.63413 0.188251
0.670717 0.169426
0.570717 0.269426
0.503645 0.152483
0.603645 0.0524833
0.643281 0.0472349
0.543281 0.147235
0.678953 0.0425114
0.578953 -0.0574886
0.511057 0.0382603
0.611057 -0.0617397
0.649952 -0.0555657
0.549952 0.0444343
0.484956 -0.0500092
0.584956 -0.150009
0.626461 -0.135008
0.526461 -0.235008
0.463815 -0.121507
0.563815 -0.0215074
0.407433 -0.0193567
0.507433 -0.119357
0.407433 -0.0193567
0.507433 -0.119357
0.35669 -0.107421
0.45669 -0.00742101
0.511021 -0.00667891
0.411021 0.0933211
0.559919 -0.00601102
0.459919 0.093989
0.603927 -0.00540992
0.503927 0.0945901
0.643534 -0.00486892
0.543534 -0.104869
0.479181 -0.00438203
0.579181 0.095618
0.621263 0.0860562
0.521263 -0.0139438
0.659136 0.0774506
0.559136 0.177451
0.493223 0.0697055
0.593223 -0.0302945
0.603223 0.159705
0.503223 0.259705
0.642901 0.143735
0.542901 0.243735
0.47861 0.129361
0.57861 0.229361
0.38861 0.219361
0.48861 0.319361
0.645802 -0.00692073
0.545802 -0.00692073
0.645802 0.0930793
0.481221 -0.00622866
0.581221 -0.106229
0.623099 -0.0956058
0.523099 0.00439421
0.460789 -0.0860452
0.560789 0.0139548
0.40471 0.0125593
0.50471 0.112559
0.354239 0.101303
0.454239 0.201303
0.554239 0.101303
0.454239 0.00130338
0.398815 0.091173
0.498815 -0.00882696
0.348934 -0.00794426
0.448934 0.0920557
0.348934 -0.00794426
0.448934 0.0920557
0.504041 0.0828502
0.404041 -0.0171498
0.553636 0.0745651
0.453636 -0.0254349
0.598273 0.0671086
0.498273 -0.0328914
0.638446 0.0603978
0.538446 0.160398
0.674601 0.054358
0.574601 0.154358
0.507141 0.0489222
0.607141 -0.0510778
0.446427 -0.04597
0.546427 -0.14597
0.591784 -0.131373
0.491784 -0.231373
0.432606 -0.118236
0.532606 -0.0182357
0.542606 -0.208236
0.442606 -0.108236
0.388345 -0.187412
0.488345 -0.0874121
0.339511 -0.0786709
0.439511 -0.178671
0.339511 -0.0786709
0.439511 0.0213291
0.49556 0.0191962
0.39556 -0.0808038
0.546004 0.0172765
0.446004 -0.0827235
0.391403 0.0155489
0.491403 -0.0844511
0.501403 -0.0744511
0.401403 0.0255489
0.351263 -0.067006
0.451263 0.032994
0.306137 0.0296946
0.406137 0.129695
0.465523 0.116725
0.365523 0.0167251
0.518971 0.105053
0.418971 0.00505263
0.367074 0.0945474
0.467074 -0.00545264
0.520366 -0.00490737
0.420366 -0.104907
0.36833 -0.00441664
0.46833 -0.104417
0.521497 -0.093975
0.421497 -0.193975
0.369347 -0.0845775
0.469347 -0.184577
0.479347 -0.174577
0.379347 -0.274577
0.531412 -0.15712
0.431412 -0.25712
0.378271 -0.141408
0.478271 -0.0414078
0.530444 -0.037267
0.430444 -0.137267
0.3774 -0.0335403
0.4774 0.0664597
0.52966 0.0598137
0.42966 -0.0401863
0.376694 0.0538324
0.476694 0.153832
0.529024 0.138449
0.429024 0.238449
0.576122 0.124604
0.476122 0.224604
0.41851 0.112144
0.51851 0.212144
0.366659 0.190929
0.466659 0.0909294
0.319993 0.0818365
0.419993 0.181836
0.319993 0.0818365
0.419993 -0.0181635
0.277994 -0.0163472
0.377994 -0.116347
0.440194 -0.104712
0.340194 -0.204712
0.496175 -0.0942412
0.396175 -0.194241
0.546557 -0.0848171
0.446557 -0.184817
0.591902 -0.0763354
0.491902 -0.176335
0.632711 -0.0687018
0.532711 -0.168702
0.749412 0.00854332
0.649412 0.00854332
0.749412 0.108543
0.57447 0.097689
0.67447 -0.00231101
0.507023 -0.00207991
0.607023 -0.10208
0.446321 -0.0918719
0.546321 0.00812808
0.391689 0.00731527
0.491689 0.107315
0.54252 0.0965837
0.44252 0.196584
0.388268 0.0869254
0.488268 0.186925
0.498268 0.176925
0.398268 0.0769254
0.548441 0.159233
0.448441 0.0592328
0.393597 0.14331
0.493597 0.24331
0.503597 0.0533095
0.403597 0.15331
0.353237 0.0479786
0.453237 0.147979
0.463237 0.137979
0.363237 0.237979
0.516914 0.124181
0.416914 0.224181
0.365222 0.111763
0.465222 0.211763
0.475222 0.201763
0.375222 0.301763
0.3277 0.181586
0.4277 0.281586
0.2377 0.271586
0.3377 0.171586
0.40393 0.154428
0.30393 0.254428
0.263537 0.138985
0.363537 0.038985
0.427183 0.0350865
0.327183 0.135086
0.484465 0.0315778
0.384465 0.131578
0.536019 0.0284201
0.436019 0.12842
0.582417 0.025578
0.482417 0.125578
0.624175 0.0230202
0.524175 -0.0769798
0.661757 0.0207182
0.561757 -0.0792818
0.495582 0.0186464
0.595582 -0.0813536
0.636024 -0.0732182
0.536024 -0.173218
0.472421 -0.0658964
0.572421 -0.165896
0.615179 -0.149307
0.515179 -0.0493068
0.453661 -0.134376
0.553661 -0.0343761
0.563661 -0.0443761
0.463661 0.0556239
0.607295 -0.0399385
0.507295 -0.139938
0.646566 -0.0359446
0.546566 -0.135945
0.681909 -0.0323502
0.581909 -0.13235
0.713718 -0.0291152
0.613718 -0.129115
0.542346 -0.0262036
0.642346 -0.126204
0.678112 -0.113583
0.578112 -0.0135833
0.5103 -0.102225
0.6103 -0.202225
0.64927 -0.182002
0.54927 -0.282002
0.484343 -0.163802
0.584343 -0.263802
0.625909 -0.237422
0.525909 -0.337422
0.663318 -0.21368
0.563318 -0.31368
0.696986 -0.192312
0.596986 -0.292312
0.527288 -0.173081
0.627288 -0.273081
0.637288 -0.263081
0.537288 -0.163081
0.473559 -0.236773
0.573559 -0.336773
0.583559 -0.146773
0.483559 -0.0467726
0.425203 -0.132095
0.525203 -0.0320953
0.572683 -0.0288858
0.472683 0.0711142
0.615414 -0.0259972
0.515414 0.0740028
0.453873 -0.0233975
0.553873 0.0766025
0.398486 0.0689423
0.498486 0.168942
0.548637 0.152048
0.448637 0.252048
0.593773 0.136843
0.493773 0.0368432
0.634396 0.123159
0.534396 0.223159
0.470956 0.110843
0.570956 0.010843
0.380956 0.200843
0.480956 0.100843
0.869666 0.00328501
0.969666 0.00328501
0.869666 -0.096715
0.9727 0.00295651
0.8727 0.102957
0.97543 0.00266086
0.87543 -0.0973391
0.977887 0.00239477
0.877887 -0.0976052
0.780098 0.0021553
0.880098 0.102155
0.892088 0.0919398
0.792088 -0.00806023
0.902879 0.0827458
0.802879 -0.0172542
0.912592 0.0744712
0.812592 -0.0255288
0.921332 0.0670241
0.821332 0.167024
0.729199 0.0603217
0.829199 -0.0396783
0.846279 -0.0357105
0.746279 -0.13571
0.861651 -0.0321394
0.761651 0.0678606
0.675486 -0.0289255
0.775486 -0.128925
0.797938 -0.116033
0.697938 -0.0160329
0.818144 -0.10443
0.718144 -0.20443
0.636329 -0.0939867
0.736329 -0.193987
0.546329 -0.183987
0.646329 -0.0839867
0.481696 -0.075588
0.581696 0.024412
0.623527 0.0219708
0.523527 0.121971
0.661174 0.0197737
0.561174 0.119774
0.495057 0.0177963
0.595057 0.117796
0.435551 0.106017
0.535551 0.206017
0.381996 0.185415
0.481996 0.085415
0.333796 0.0768735
0.433796 -0.0231265
0.290417 -0.0208138
0.390417 -0.120814
0.290417 -0.0208138
0.390417 -0.120814
0.451375 -0.108732
0.351375 -0.208732
0.306238 -0.0978592
0.406238 0.0021408
0.265614 0.00192672
0.365614 0.101927
0.429052 0.091734
0.329052 0.191734
0.486147 0.0825606
0.386147 -0.0174394
0.337532 0.0743046
0.437532 -0.0256954
0.247532 -0.0156954
0.347532 -0.115695
0.293779 -0.0231259
0.393779 -0.123126
0.212779 -0.104126
0.312779 -0.00412588
0.181501 -0.00371329
0.281501 -0.103713
0.181501 -0.00371329
0.281501 -0.103713
0.153351 -0.093342
0.253351 0.00665804
0.328016 0.00599224
0.228016 0.105992
0.195214 0.00539301
0.295214 -0.094607
0.105214 0.095393
0.205214 0.195393
0.084693 0.175854
0.184693 0.275854
0.0662237 0.248268
0.166224 0.148268
0.249601 0.133442
0.149601 0.0334415
0.124641 0.120097
0.224641 0.220097
0.0346412 0.0300974
0.134641 0.130097
0.102177 0.198088
0.202177 0.298088
0.221177 0.117088
0.121177 0.0170876
0.299059 0.105379
0.199059 0.00537886
0.369153 0.094841
0.269153 -0.00515903
0.232238 0.0853569
0.332238 0.185357
0.142238 -0.00464313
0.242238 -0.104643
0.318014 -0.0941788
0.218014 0.00582119
0.386213 -0.0847609
0.286213 -0.184761
0.447592 -0.0762848
0.347592 0.0237152
0.502832 -0.0686564
0.402832 0.0313436
0.552549 -0.0617907
0.452549 0.0382093
0.597294 -0.0556116
0.497294 -0.155612
0.637565 -0.0500505
0.537565 0.0499495
0.673808 -0.0450454
0.573808 -0.145045
0.506428 -0.0405409
0.606428 -0.140541
0.445785 -0.126487
0.545785 -0.0264868
0.445785 -0.126487
0.545785 -0.0264868
0.591206 -0.0238381
0.491206 0.0761619
0.632086 -0.0214543
0.532086 -0.121454
0.668877 -0.0193089
0.568877 0.0806911
0.501989 -0.017378
0.601989 -0.117378
0.44179 -0.10564
0.54179 -0.20564
0.587611 -0.185076
0.487611 -0.285076
0.62885 -0.166569
0.52885 -0.0665686
0.665965 -0.149912
0.565965 -0.249912
