0.9 0
0.8 0
0.9 -0.1
0.71 0
0.81 0.1
0.829 0.09
0.729 -0.01
0.8461 0.081
0.7461 -0.019
0.66149 0.0729
0.76149 0.1729
0.585341 0.15561
0.685341 0.05561
0.716807 0.050049
0.616807 0.150049
0.745126 0.0450441
0.645126 0.145044
0.770614 0.0405397
0.670614 -0.0594603
0.593552 0.0364857
0.693552 0.136486
0.524197 0.122837
0.624197 0.222837
0.661777 0.200553
0.561777 0.300553
0.4956 0.180498
0.5956 0.280498
0.63604 0.252448
0.53604 0.352448
0.672436 0.227203
0.572436 0.327203
0.705192 0.204483
0.605192 0.304483
0.734673 0.184035
0.634673 0.0840348
0.561206 0.165631
0.661206 0.265631
0.695085 0.239068
0.595085 0.139068
0.725577 0.215161
0.625577 0.115161
0.753019 0.193645
0.653019 0.293645
0.577717 0.174281
0.677717 0.0742807
0.709945 0.0668526
0.609945 0.166853
0.538951 0.0601674
0.638951 -0.0398326
0.475056 -0.0358494
0.575056 -0.135849
0.61755 -0.122264
0.51755 -0.0222644
0.455795 -0.110038
0.555795 -0.210038
0.600216 -0.189034
0.500216 -0.0890342
0.440194 -0.170131
0.540194 -0.0701308
0.586175 -0.0631177
0.486175 -0.163118
0.627557 -0.0568059
0.527557 0.0431941
0.664801 -0.0511253
0.564801 0.0488747
0.698321 -0.0460128
0.598321 0.0539872
0.728489 -0.0414115
0.628489 0.0585885
0.55564 -0.0372704
0.65564 0.0627296
0.690076 0.0564567
0.590076 0.156457
0.721069 0.050811
0.621069 -0.049189
0.748962 0.0457299
0.648962 -0.0542701
0.774066 0.0411569
0.674066 -0.0588431
0.796659 0.0370412
0.696659 -0.0629588
0.616993 0.0333371
0.716993 0.133337
0.745294 0.120003
0.645294 0.220003
0.770764 0.108003
0.670764 0.208003
0.593688 0.0972027
0.693688 0.197203
0.524319 0.177482
0.624319 0.277482
0.661887 0.249734
0.561887 0.349734
0.695699 0.224761
0.595699 0.324761
0.526129 0.202285
0.626129 0.102285
0.463516 0.0920562
0.563516 -0.00794375
0.607164 -0.00714938
0.507164 -0.107149
0.446448 -0.00643444
0.546448 -0.106434
0.391803 -0.095791
0.491803 0.00420901
0.542623 0.00378811
0.442623 -0.0962119
0.38836 0.00340929
0.48836 0.103409
0.339524 0.0930684
0.439524 -0.00693163
0.495572 -0.00623847
0.395572 -0.106238
0.346015 -0.00561462
0.446015 -0.105615
0.301413 -0.0950532
0.401413 -0.195053
0.143181 -0.00488114
0.243181 -0.00488114
0.143181 -0.104881
0.118863 -0.00439303
0.218863 -0.104393
0.0969769 -0.0939537
0.196977 0.00604628
0.277279 0.00544165
0.177279 0.105442
0.349551 0.00489748
0.249551 0.104897
0.414596 0.00440773
0.314596 0.104408
0.273137 0.00396696
0.373137 -0.096033
0.435823 -0.0864297
0.335823 0.0135703
0.492241 -0.0777868
0.392241 0.0222132
0.343017 -0.0700081
0.443017 0.0299919
0.498715 0.0269927
0.398715 -0.0730073
0.548843 0.0242935
0.448843 0.124293
0.393959 0.0218641
0.493959 -0.0781359
0.344563 -0.0703223
0.444563 0.0296777
0.500107 0.0267099
0.400107 -0.0732901
0.550096 0.0240389
0.450096 0.124039
0.395087 0.021635
0.495087 0.121635
0.545578 0.109472
0.445578 0.209472
0.39102 0.0985244
0.49102 -0.00147562
0.341918 -0.00132806
0.441918 -0.101328
0.497726 -0.0911953
0.397726 -0.191195
0.347954 -0.0820757
0.447954 0.0179243
0.303158 0.0161318
0.403158 -0.0838682
0.262842 -0.0754813
0.362842 -0.175481
0.426558 -0.157933
0.326558 -0.0579332
0.483902 -0.14214
0.383902 -0.0421399
0.535512 -0.127926
0.435512 -0.227926
0.581961 -0.115133
0.481961 -0.215133
0.423765 -0.10362
0.523765 -0.20362
0.533765 -0.19362
0.433765 -0.09362
0.580388 -0.174258
0.480388 -0.274258
0.62235 -0.156832
0.52235 -0.0568322
0.660115 -0.141149
0.560115 -0.041149
0.694103 -0.127034
0.594103 -0.227034
0.524693 -0.114331
0.624693 -0.214331
0.634693 -0.204331
0.534693 -0.104331
0.671224 -0.183898
0.571224 -0.0838976
0.704101 -0.165508
0.604101 -0.0655078
0.733691 -0.148957
0.633691 -0.0489571
0.760322 -0.134061
0.660322 -0.0340613
0.58429 -0.120655
0.68429 -0.220655
0.69429 -0.0306552
0.59429 0.0693448
0.724861 -0.0275897
0.624861 0.0724103
0.752375 -0.0248307
0.652375 -0.124831
0.577137 -0.0223476
0.677137 -0.122348
0.687137 -0.112348
0.587137 -0.0123476
0.518424 -0.101113
0.618424 -0.201113
0.628424 -0.0111129
0.528424 0.0888871
0.465581 -0.0100016
0.565581 0.0899984
0.409023 0.0809986
0.509023 0.180999
0.358121 0.162899
0.458121 0.0628987
0.358121 0.162899
0.458121 0.0628987
0.312309 0.0566088
0.412309 -0.0433912
0.312309 0.0566088
0.412309 0.156609
0.271078 0.140948
0.371078 0.240948
0.43397 0.216853
0.33397 0.116853
0.290573 0.195168
0.390573 0.0951678
0.200573 0.105168
0.300573 0.00516784
0.451516 0.0856511
0.351516 -0.0143489
0.506364 0.077086
0.406364 0.177086
0.355728 0.0693774
0.455728 -0.0306226
0.465728 0.159377
0.365728 0.0593774
0.319155 0.14344
0.419155 0.24344
0.277239 0.219096
0.377239 0.319096
0.477239 0.219096
0.377239 0.119096
0.329516 0.197186
0.429516 0.0971861
0.286564 0.0874675
0.386564 0.187467
0.286564 0.0874675
0.386564 -0.0125325
0.447908 -0.0112793
0.347908 -0.111279
0.303117 -0.0101513
0.403117 0.0898487
0.213117 -0.100151
0.313117 -0.200151
0.381805 -0.180136
0.281805 -0.0801362
0.443625 -0.162123
0.343625 -0.0621226
0.499262 -0.14591
0.399262 -0.0459103
0.549336 -0.131319
0.449336 -0.231319
0.394402 -0.118187
0.494402 -0.218187
0.304402 -0.208187
0.404402 -0.108187
0.263962 -0.0973686
0.363962 0.00263137
0.227566 0.00236824
0.327566 0.102368
0.394809 0.0921314
0.294809 -0.00786859
0.455328 0.0829183
0.355328 -0.0170817
0.286622 0.000401466
0.386622 0.000401466
0.286622 0.100401
0.44796 0.00036132
0.34796 -0.0996387
0.503164 0.000325188
0.403164 -0.0996748
0.552847 0.000292669
0.452847 0.100293
0.397563 0.000263402
0.497563 -0.0997366
0.347806 -0.0897629
0.447806 0.0102371
0.503026 0.00921336
0.403026 0.109213
0.552723 0.00829202
0.452723 0.108292
0.597451 0.00746282
0.497451 0.107463
0.637706 0.00671654
0.537706 0.106717
0.473935 0.00604488
0.573935 0.106045
0.616542 0.0954404
0.516542 -0.00455961
0.654887 0.0858964
0.554887 -0.0141036
0.689399 0.0773067
0.589399 -0.0226933
0.720459 0.069576
0.620459 0.169576
0.548413 0.0626184
0.648413 0.162618
0.658413 0.152618
0.558413 0.0526184
0.492572 0.137357
0.592572 0.237357
0.402572 0.0473566
0.502572 0.147357
0.433315 0.213621
0.533315 0.113621
0.379983 0.102259
0.479983 0.202259
0.379983 0.102259
0.479983 0.202259
0.531985 0.182033
0.431985 0.082033
0.378786 0.16383
0.478786 0.26383
0.488786 0.0738297
0.388786 0.17383
0.539908 0.0664467
0.439908 0.166447
0.385917 0.059802
0.485917 0.159802
0.495917 0.149802
0.395917 0.249802
0.546325 0.134822
0.446325 0.234822
0.591693 0.12134
0.491693 0.22134
0.432523 0.109206
0.532523 0.209206
0.542523 0.199206
0.442523 0.0992057
0.588271 0.179285
0.488271 0.0792851
0.429444 0.161357
0.529444 0.261357
0.339444 0.0713566
0.439444 -0.0286434
0.4955 -0.0257791
0.3955 0.0742209
0.54595 -0.0232012
0.44595 -0.123201
0.591355 -0.020881
0.491355 0.079119
0.432219 -0.0187929
0.532219 -0.118793
0.378997 -0.106914
0.478997 -0.00691364
0.578997 -0.106914
0.478997 -0.00691364
0.621098 -0.0962223
0.521098 -0.196222
0.658988 -0.0866
0.558988 -0.1866
0.693089 -0.07794
0.593089 -0.17794
0.72378 -0.070146
0.62378 0.029854
0.751402 -0.0631314
0.651402 -0.163131
0.576262 -0.0568183
0.676262 -0.156818
0.708636 -0.141136
0.608636 -0.0411365
0.537772 -0.127023
0.637772 -0.227023
0.473995 -0.204321
0.573995 -0.104321
0.673995 -0.204321
0.573995 -0.304321
0.706595 -0.183888
0.606595 -0.0838885
0.535936 -0.1655
0.635936 -0.2655
0.672342 -0.23895
0.572342 -0.33895
0.505108 -0.215055
0.605108 -0.115055
0.615108 -0.305055
0.515108 -0.205055
0.453597 -0.274549
0.553597 -0.374549
0.563597 -0.184549
0.463597 -0.284549
0.607238 -0.166094
0.507238 -0.0660943
0.646514 -0.149485
0.546514 -0.0494849
0.681862 -0.134536
0.581862 -0.0345364
0.513676 -0.121083
0.613676 -0.221083
0.423676 -0.0310828
0.523676 0.0689172
0.571309 0.0620255
0.471309 0.162026
0.414178 0.055823
0.514178 -0.044177
0.524178 0.145823
0.424178 0.045823
0.37176 0.131241
0.47176 0.231241
0.524584 0.208117
0.424584 0.308117
0.572126 0.187305
0.472126 0.0873049
0.614913 0.168574
0.514913 0.268574
0.653422 0.151717
0.553422 0.251717
0.68808 0.136545
0.58808 0.236545
0.719272 0.122891
0.619272 0.222891
0.547344 0.110602
0.647344 0.0106017
0.444171 -0.00661474
0.344171 -0.00661474
0.444171 0.0933853
0.299754 -0.00595327
0.399754 0.0940467
0.499754 0.0840467
0.399754 0.184047
0.349778 0.0756421
0.449778 -0.0243579
0.504801 -0.0219221
0.404801 0.0780779
0.554321 -0.0197299
0.454321 0.0802701
0.398889 -0.0177569
0.498889 0.0822431
0.308889 0.0722431
0.408889 0.172243
0.349 0.0740188
0.449 0.174019
0.268 0.155019
0.368 0.0550188
0.4312 0.0495169
0.3312 -0.0504831
0.28808 0.0445652
0.38808 -0.0554348
0.249272 -0.0498913
0.349272 -0.149891
0.214345 -0.134902
0.314345 -0.0349022
0.414345 -0.134902
0.314345 -0.234902
0.47291 -0.121412
0.37291 -0.021412
0.525619 -0.109271
0.425619 -0.209271
0.373057 -0.0983437
0.473057 0.0016563
0.525751 0.00149067
0.425751 0.101491
0.573176 0.0013416
0.473176 -0.0986584
0.415859 0.00120744
0.515859 0.101207
0.525859 -0.0887926
0.425859 -0.188793
0.573273 -0.0799133
0.473273 0.0200867
0.615946 -0.071922
0.515946 0.028078
0.654351 -0.0647298
0.554351 0.0352702
0.488916 -0.0582568
0.588916 -0.158257
0.398916 0.0317432
0.498916 0.131743
0.349024 0.118569
0.449024 0.218569
0.304122 0.196712
0.404122 0.096712
0.46371 0.0870408
0.36371 0.187041
0.517339 0.0783367
0.417339 -0.0216633
0.365605 0.070503
0.465605 -0.029497
0.519044 -0.0265473
0.419044 -0.126547
0.56714 -0.0238925
0.46714 0.0761075
0.410426 -0.0215033
0.510426 -0.121503
0.359383 -0.109353
0.459383 -0.00935295
0.359383 -0.109353
0.459383 -0.00935295
0.313445 -0.00841766
0.413445 0.0915823
0.313445 -0.00841766
0.413445 0.0915823
0.272101 0.0824241
0.372101 0.182424
0.272101 0.0824241
0.372101 0.182424
0.43489 0.164182
0.33489 0.0641817
0.291401 0.147764
0.391401 0.0477635
0.252261 0.0429872
0.352261 0.142987
0.252261 0.0429872
0.352261 0.142987
0.217035 0.128688
0.317035 0.228688
0.417035 0.128688
0.317035 0.228688
0.275332 0.11582
0.375332 0.0158196
0.237798 0.0142377
0.337798 0.114238
0.237798 0.0142377
0.337798 0.114238
0.204019 0.102814
0.304019 0.00281389
0.173617 0.0025325
0.273617 0.102532
0.173617 0.0025325
0.273617 0.102532
0.146255 0.0922792
0.246255 0.192279
0.146255 0.0922792
0.246255 0.192279
0.32163 0.173051
0.22163 0.0730513
0.389467 0.155746
0.289467 0.0557462
0.45052 0.140172
0.35052 0.0401716
0.505468 0.126154
0.405468 0.226154
0.554921 0.113539
0.454921 0.213539
0.399429 0.102185
0.499429 0.202185
0.309429 0.192185
0.409429 0.292185
0.349486 0.181967
0.449486 0.0819666
0.504538 0.0737699
0.404538 -0.0262301
0.554084 0.0663929
0.454084 0.166393
0.598675 0.0597536
0.498675 -0.0402464
0.438808 0.0537783
0.538808 -0.0462217
0.584927 -0.0415996
0.484927 -0.1416
0.426434 -0.0374396
0.526434 -0.13744
0.573791 -0.123696
0.473791 -0.0236956
0.616412 -0.111326
0.516412 -0.0113261
0.654771 -0.100193
0.554771 -0.200193
0.689294 -0.0901741
0.589294 -0.190174
0.720364 -0.0811567
0.620364 -0.181157
0.548328 -0.073041
0.648328 -0.173041
0.683495 -0.155737
0.583495 -0.0557369
0.515146 -0.140163
0.615146 -0.0401632
0.425146 -0.0501632
0.525146 0.0498368
0.453631 -0.0361469
0.553631 -0.136147
0.398268 -0.122532
0.498268 -0.222532
0.548441 -0.200279
0.448441 -0.300279
0.583373 -0.0223695
0.483373 -0.0223695
0.583373 0.0776305
0.625035 -0.0201326
0.525035 0.0798674
0.662532 -0.0181193
0.562532 0.0818807
0.496279 -0.0163074
0.596279 -0.116307
0.636651 -0.104677
0.536651 -0.204677
0.472986 -0.094209
0.572986 0.00579101
0.415687 0.00521191
0.515687 0.105212
0.415687 0.00521191
0.515687 0.105212
0.564118 0.0946907
0.464118 -0.00530928
0.607707 0.0852216
0.507707 0.185222
0.446936 0.0766995
0.546936 -0.0233005
0.592242 -0.0209705
0.492242 0.0790295
0.633018 -0.0188734
0.533018 -0.118873
0.669716 -0.0169861
0.569716 -0.116986
0.702745 -0.0152875
0.602745 -0.115287
0.53247 -0.0137587
0.63247 0.0862413
0.64247 -0.103759
0.54247 -0.203759
0.478223 -0.0933829
0.578223 -0.193383
0.620401 -0.174045
0.520401 -0.274045
0.458361 -0.15664
0.558361 -0.0566401
0.602525 -0.0509761
0.502525 0.0490239
0.442272 -0.0458785
0.542272 -0.145878
0.352272 0.0441215
0.452272 0.144122
0.507045 0.129709
0.407045 0.0297094
0.55634 0.116738
0.45634 0.216738
0.600706 0.105065
0.500706 0.205065
0.640636 0.0945581
0.540636 -0.00544188
0.676572 0.0851023
0.576572 0.185102
0.708915 0.0765921
0.608915 0.176592
0.738023 0.0689329
0.638023 0.168933
0.764221 0.0620396
0.664221 0.16204
0.587799 0.0558356
0.687799 0.155836
0.697799 0.145836
0.597799 0.245836
0.728019 0.131252
0.628019 0.231252
0.755217 0.118127
0.655217 0.0181269
0.779695 0.106314
0.679695 0.00631417
0.601726 0.0956828
0.701726 -0.00431725
0.531553 -0.00388552
0.631553 0.0961145
0.531553 -0.00388552
0.631553 -0.103886
0.668398 -0.093497
0.568398 -0.193497
0.701558 -0.0841473
0.601558 -0.184147
0.731402 -0.0757325
0.631402 0.0242675
0.558262 -0.0681593
0.658262 0.0318407
0.468262 0.0218407
0.568262 0.121841
0.692436 0.0286566
0.592436 -0.0713434
0.723192 0.025791
0.623192 0.125791
0.550873 0.0232119
0.650873 0.123212
0.660873 0.113212
0.560873 0.213212
0.694786 0.101891
0.594786 0.201891
0.725307 0.0917016
0.625307 0.191702
0.752776 0.0825315
0.652776 0.182531
0.577499 0.0742783
0.677499 0.174278
0.487499 0.164278
0.587499 0.264278
0.509749 0.15685
0.609749 0.25685
0.428749 0.23785
0.528749 0.13785
0.375874 0.124065
0.475874 0.0240654
0.528287 0.0216589
0.428287 -0.0783411
0.575458 0.019493
0.475458 0.119493
0.417912 0.0175437
0.517912 0.117544
0.527912 0.107544
0.427912 0.207544
0.375121 0.0967893
0.475121 -0.00321067
0.527609 -0.0028896
0.427609 0.0971104
0.374848 -0.00260064
0.474848 0.0973994
0.284848 0.0873994
0.384848 0.187399
0.327363 0.0876594
0.427363 0.187659
0.246363 0.168659
0.346363 0.0686594
0.321727 0.151793
0.221727 0.0517935
0.299554 0.0466141
0.199554 0.146614
0.299554 0.0466141
0.199554 0.146614
0.279599 0.131953
0.179599 0.231953
0.0795988 0.131953
0.179599 0.0319527
-0.0283611 0.118757
0.0716389 0.218757
0.074475 0.106882
-0.025525 0.0068817
0.0770275 0.00619353
-0.0229725 -0.0938065
-0.120675 -0.0844258
-0.0206752 -0.184426
-0.00860772 -0.0759832
-0.108608 -0.175983
0.00225305 -0.158385
-0.097747 -0.0583849
0.00225305 -0.158385
-0.097747 -0.258385
-0.187972 -0.232546
-0.0879723 -0.132546
0.0120277 -0.232546
-0.0879723 -0.332546
-0.179175 -0.299292
-0.079175 -0.199292
0.733981 -0.0571581
0.833981 -0.0571581
0.733981 -0.157158
0.850583 -0.0514423
0.750583 -0.151442
0.865525 -0.046298
0.765525 0.053702
0.678972 -0.0416682
0.778972 0.0583318
0.588972 0.0483318
0.688972 0.148332
0.601075 0.0524986
0.701075 -0.0475014
0.530967 -0.0427513
0.630967 -0.142751
0.467871 -0.128476
0.567871 -0.228476
0.411084 -0.205629
0.511084 -0.305629
0.359975 -0.275066
0.459975 -0.375066
0.359975 -0.275066
0.459975 -0.175066
0.513978 -0.157559
0.413978 -0.257559
0.56258 -0.141803
0.46258 -0.241803
0.606322 -0.127623
0.506322 -0.0276229
0.44569 -0.114861
0.54569 -0.214861
0.35569 -0.0248606
0.45569 -0.124861
0.391121 -0.193375
0.491121 -0.293375
0.510121 -0.112375
0.410121 -0.212375
0.359109 -0.101137
0.459109 -0.201137
0.469109 -0.191137
0.369109 -0.0911371
0.522198 -0.172023
0.422198 -0.0720234
0.369978 -0.154821
0.469978 -0.254821
0.479978 -0.064821
0.379978 0.035179
0.33198 -0.0583389
0.43198 -0.158339
0.44198 0.0316611
0.34198 0.131661
0.497782 0.028495
0.397782 0.128495
0.348004 0.0256455
0.448004 0.125645
0.503204 0.113081
0.403204 0.0130809
0.352883 0.101773
0.452883 0.201773
0.307595 0.181596
0.407595 0.281596
0.466835 0.253436
0.366835 0.353436
0.320152 0.228092
0.420152 0.328092
0.278137 0.295283
0.378137 0.195283
0.440323 0.175755
0.340323 0.0757548
0.496291 0.158179
0.396291 0.258179
0.346662 0.142361
0.446662 0.242361
0.456662 0.232361
0.356662 0.332361
0.510995 0.209125
0.410995 0.309125
0.559896 0.188213
0.459896 0.0882127
0.603906 0.169391
0.503906 0.0693915
0.443516 0.152452
0.543516 0.0524523
0.589164 0.0472071
0.489164 -0.0527929
0.630248 0.0424864
0.530248 -0.0575136
0.667223 0.0382377
0.567223 0.138238
0.700501 0.034414
0.600501 0.134414
0.530451 0.0309726
0.630451 0.130973
0.440451 0.120973
0.540451 0.220973
0.667406 0.117875
0.567406 0.0178753
0.500665 0.106088
0.600665 0.00608779
0.640598 0.00547901
0.540598 0.105479
0.676539 0.00493111
0.576539 -0.0950689
0.508885 0.004438
0.608885 -0.095562
0.447996 -0.0860058
0.547996 0.0139942
0.647996 -0.0860058
0.547996 0.0139942
0.483197 -0.0774052
0.583197 -0.177405
0.424877 -0.159665
0.524877 -0.0596647
0.624877 -0.159665
0.524877 -0.259665
0.662389 -0.143698
0.562389 -0.243698
0.69615 -0.129328
0.59615 -0.229328
0.726535 -0.116396
0.626535 -0.216396
0.753882 -0.104756
0.653882 -0.204756
0.778494 -0.0942804
0.678494 0.00571959
0.600644 -0.0848524
0.700644 0.0151476
0.710644 0.00514763
0.610644 -0.0948524
0.73958 0.00463287
0.63958 0.104633
0.765622 0.00416958
0.665622 0.10417
0.58906 0.00375262
0.68906 0.103753
0.69906 0.0937526
0.59906 -0.00624738
0.729154 0.0843774
0.629154 0.184377
0.883499 -0.0488919
0.983499 -0.0488919
0.883499 -0.148892
0.985149 -0.0440027
0.885149 -0.144003
0.786634 -0.0396024
0.886634 0.0603976
0.696634 -0.129602
0.796634 -0.0296024
0.89797 0.0543578
0.79797 -0.0456422
0.908173 0.0489221
0.808173 0.148922
0.717356 0.0440298
0.817356 0.14403
0.827356 0.13403
0.727356 0.0340298
0.84462 0.120627
0.74462 0.0206269
0.660158 0.108564
0.760158 0.00856418
0.784143 0.00770776
0.684143 -0.0922922
0.805728 0.00693698
0.705728 -0.093063
0.625155 0.00624329
0.725155 0.106243
0.535155 -0.0837567
0.635155 0.0162433
0.75264 0.095619
0.65264 0.195619
0.777376 0.0860571
0.677376 -0.0139429
0.599638 0.0774514
0.699638 0.177451
0.509638 -0.0125486
0.609638 -0.112549
0.448675 -0.101294
0.548675 -0.201294
0.393807 -0.181164
0.493807 -0.0811644
0.393807 -0.181164
0.493807 -0.0811644
0.344426 -0.073048
0.444426 -0.173048
0.499984 -0.155743
0.399984 -0.0557432
0.349985 -0.140169
0.449985 -0.240169
0.504987 -0.216152
0.404987 -0.116152
0.554488 -0.194537
0.454488 -0.0945368
0.399039 -0.175083
0.499039 -0.0750831
0.309039 -0.0850831
0.409039 0.0149169
0.549135 -0.0675748
0.449135 0.0324252
0.594222 -0.0608173
0.494222 0.0391827
0.4348 -0.0547356
0.5348 0.0452644
0.3448 0.0352644
0.4448 -0.0647356
0.30032 -0.058262
0.40032 0.041738
0.30032 -0.058262
0.40032 0.041738
0.460288 0.0375642
0.360288 -0.0624358
0.514259 0.0338078
0.414259 -0.0661922
0.562833 0.030427
0.462833 -0.069573
0.40655 0.0273843
0.50655 -0.0726157
0.355895 -0.0653541
0.455895 0.0346459
0.555895 -0.0653541
0.455895 0.0346459
0.400305 -0.0588187
0.500305 0.0411813
0.510305 0.0311813
0.410305 -0.0688187
0.559275 0.0280631
0.459275 0.128063
0.603347 0.0252568
0.503347 0.125257
0.643013 0.0227312
0.543013 0.122731
0.478711 0.020458
0.578711 -0.079542
0.42084 -0.0715878
0.52084 0.0284122
0.62084 -0.0715878
0.52084 -0.171588
0.458756 -0.064429
0.558756 0.035571
0.368756 -0.154429
0.468756 -0.254429
0.321881 -0.228986
0.421881 -0.128986
0.521881 -0.228986
0.421881 -0.128986
0.569692 -0.206087
0.469692 -0.306087
0.612723 -0.185479
0.512723 -0.0854787
0.451451 -0.166931
0.551451 -0.0669309
0.396306 -0.0602378
0.496306 -0.160238
0.596306 -0.0602378
0.496306 0.0397622
0.636675 -0.054214
0.536675 -0.154214
0.673008 -0.0487926
0.573008 0.0512074
0.505707 -0.0439133
0.605707 0.0560867
0.445136 0.050478
0.545136 0.150478
0.390623 0.13543
0.490623 0.0354302
0.590623 0.13543
0.490623 0.23543
0.43156 0.121887
0.53156 0.221887
