0.9 0
0.8 0
0.9 0.1
0.91 0
0.81 0.1
0.719 0
0.819 -0.1
0.6371 -0.09
0.7371 0.01
0.56339 0.009
0.66339 -0.091
0.697051 -0.0819
0.597051 0.0181
0.727346 -0.07371
0.627346 -0.17371
0.754611 -0.066339
0.654611 -0.166339
0.57915 -0.0597051
0.67915 0.0402949
0.711235 0.0362654
0.611235 -0.0637346
0.540112 0.0326389
0.640112 -0.0673611
0.6761 -0.060625
0.5761 0.039375
0.50849 -0.0545625
0.60849 -0.154563
0.647641 -0.139106
0.547641 -0.239106
0.682877 -0.125196
0.582877 -0.225196
0.71459 -0.112676
0.61459 -0.212676
0.743131 -0.101408
0.643131 -0.00140847
0.568818 -0.0912676
0.668818 0.00873238
0.501936 0.00785914
0.601936 0.107859
0.441742 0.0970732
0.541742 0.197073
0.387568 0.177366
0.487568 0.0773659
0.338811 0.0696293
0.438811 -0.0303707
0.29493 -0.0273336
0.39493 0.0726664
0.255437 0.0653997
0.355437 -0.0346003
0.419893 -0.0311402
0.319893 0.0688598
0.277904 -0.0280262
0.377904 -0.128026
0.440114 -0.115224
0.340114 -0.215224
0.296102 -0.103701
0.396102 -0.00370123
0.256492 -0.0033311
0.356492 0.0966689
0.220843 0.087002
0.320843 0.187002
0.388759 0.168302
0.288759 0.268302
0.449883 0.151472
0.349883 0.251472
0.304894 0.136324
0.404894 0.0363245
0.464405 0.032692
0.364405 0.132692
0.317964 0.0294228
0.417964 -0.0705772
0.276168 -0.0635195
0.376168 -0.163519
0.438551 -0.147168
0.338551 -0.247168
0.494696 -0.132451
0.394696 -0.0324508
0.345226 -0.119206
0.445226 -0.0192057
0.300704 -0.0172851
0.400704 0.0827149
0.460633 0.0744434
0.360633 0.174443
0.51457 0.0669991
0.41457 -0.0330009
0.363113 0.0602991
0.463113 -0.0397009
0.316802 -0.0357308
0.416802 -0.135731
0.475122 -0.122158
0.375122 -0.222158
0.527609 -0.109942
0.427609 -0.209942
0.574849 -0.0989477
0.474849 -0.198948
0.617364 -0.089053
0.517364 0.010947
0.455627 -0.0801477
0.555627 0.0198523
0.600065 0.0178671
0.500065 0.117867
0.440058 0.0160804
0.540058 0.11608
0.586052 0.104472
0.486052 0.00447235
0.627447 0.0940251
0.527447 -0.00597488
0.664702 0.0846226
0.564702 -0.0153774
0.498232 0.0761603
0.598232 -0.0238397
0.638409 -0.0214557
0.538409 -0.121456
0.474568 -0.0193101
0.574568 -0.11931
0.417111 -0.107379
0.517111 -0.00737911
0.3654 -0.0066412
0.4654 0.0933588
0.31886 0.0840229
0.41886 -0.0159771
0.276974 -0.0143794
0.376974 -0.114379
0.439277 -0.102941
0.339277 -0.00294143
0.295349 -0.0926473
0.395349 0.00735271
0.455814 0.00661744
0.355814 0.106617
0.310233 0.0059557
0.410233 -0.0940443
0.469209 -0.0846399
0.369209 0.0153601
0.522288 -0.0761759
0.422288 -0.176176
0.37006 -0.0685583
0.47006 -0.168558
0.323054 -0.151702
0.423054 -0.251702
0.280748 -0.226532
0.380748 -0.126532
0.442673 -0.113879
0.342673 -0.213879
0.298406 -0.102491
0.398406 -0.202491
0.258566 -0.182242
0.358566 -0.082242
